10
5
9       5        10       6        11       5        12       2        8       2        5
12          12             11          11             10          10             9          9             8          8             
8
2     2
 -11.1125407362931412080797599629 0.0476623157983905310075556371885
0.0476623157983901424294970183837  -10.7437644575823227910404966678
9
5     5
   -12.6345793558040000448272621725 -0.00291268657327246882626781143699  -0.0112325826860478761304307226965  -0.0248564501440386997899167909054 0.000449903790878197762381773827656
-0.00291268657327532765055622121508    -11.1095666350422828116961682099 0.000917303080362863454411126440391 -0.00120462599681342430457675618527    0.046240145952878619617365529848
 -0.0112325826860472377521915632315 0.000917303080361753231386501283851    -10.9812238886928881242965871934   0.0635792141776746477788151423738  0.00304292822727747491740046825726
 -0.0248564501440400320575463410933 -0.00120462599681503412796246266225   0.0635792141776742036896052923112    -10.8739046815601803075423958944 -0.00327128058591452663961263169767
0.000449903790880612497460333543131   0.0462401459528772873497359796602  0.00304292822727747491740046825726  -0.0032712805859151927734274067916    -10.7413800190515633659060767968
10
6     6
    -12.7529533989900762946945178555  -0.00339139676663096755609982935198  0.000727018262953174924587140814936  -0.00284546375733283956818708837488  0.000594750176975883176541670671611  0.000290177390027190201804430103039
 -0.00339139676663244640786309958003     -12.6340420979760139630343473982   -0.0031596586885564090230182898722  -0.00989006804855771526341357002821   -0.0263667739493555208785124932547 -0.000664903276988926261736878586817
  0.00072701826295139835090730606737  -0.00315965868855642983970000159388     -11.1084950632190420094502769643  0.000108300971084801522792417927121  -0.00106630129702534048874440486543    0.0447462137558849448737419152167
 -0.00284546375733210274439066722607  -0.00989006804855879773086257955583  0.000108300971084579478187492895813     -10.9767870616995342203381369472    0.0629924603154910500713015153451   0.00310734611160301543719697292545
 0.000594750176975895319606002509261   -0.0263667739493551600560294900788  -0.00106630129702556253334932989674    0.0629924603154922713166286030173     -10.8749234071994091976876006811   -0.0022896539934081916456420913164
 0.000290177390028990844772494028803 -0.000664903276988065838892794090498    0.0447462137558843897622296026384   0.00310734611160301543719697292545  -0.00228965399340774755643224125379     -10.7399215379722026142417234951
11
5     5
    -12.6345472699478538203265998163  -0.00251966218006069442303385130799   -0.0111403439270777969427594911167    0.0282695749845648380826901302498   0.00165015901216490623593102782252
 -0.00251966218006164505149868659828     -11.1095806179890548293087704224 -0.000730177800819048483660367310222  0.000705881077046555116538684160332   -0.0430860364527050898608706575033
  -0.0111403439270778767400393860498 -0.000730177800819173383750637640333     -10.9784153803033799334798459313    -0.063027290801015017907005244524   -0.0024781621764542460795155420783
   0.0282695749845641164377241238981  0.000705881077046249805206912242284   -0.0630272908010149485180662054518     -10.8759837652614450576038507279 -0.000910778526574618219058265822241
  0.00165015901216412907981379021294   -0.0430860364527045902605095761828   -0.0024781621764528027895835293748 -0.000910778526573619018336103181355     -10.7395847745179278120986055001
12
2     2
  -11.1126667528360840719869884197 -0.0413292887938864206276434742904
-0.0413292887938872810504875587867   -10.7404337535884550902665068861
5
9       5        10       6        11       5        12       2        8       2        5
12          12             11          11             10          10             9          9             8          8             
8
2     2
     1.00000000000000177635683940025 -8.32667268468867405317723751068e-17
-2.08166817117216851329430937767e-16      1.00000000000000222044604925031
9
5     5
     1.00000000000000222044604925031  2.94035629178068802502821199596e-16 -5.55111512312578270211815834045e-16  3.46944695195361418882384896278e-17 -5.37764277552810199267696589231e-16
 2.95770352654045609597233124077e-16      1.00000000000000222044604925031 -3.95516952522712017525918781757e-16 -3.95516952522712017525918781757e-16  -2.4980018054066022159531712532e-16
 -6.2276572787567374689388088882e-16 -3.19189119579732505371794104576e-16      1.00000000000000444089209850063 -7.77156117237609578296542167664e-16  5.62050406216485498589463531971e-16
 5.20417042793042128323577344418e-17 -4.57966997657877072924748063087e-16 -7.77156117237609578296542167664e-16      1.00000000000000399680288865056 -2.77555756156289135105907917023e-16
-5.81132364452230376627994701266e-16 -2.32452945780892150651197880507e-16  5.20417042793042128323577344418e-16  -2.4980018054066022159531712532e-16      1.00000000000000222044604925031
10
6     6
     1.00000000000000244249065417534  3.46622822675404784753538933728e-16  6.52344118393793914734146710543e-16 -5.26380154741712402710618334822e-17  -3.6125616387217007741128327325e-16  1.08691267791671819509247143287e-17
 1.92513648251957381063448337954e-16      1.00000000000000310862446895044  1.23165366794353303703246638179e-16 -1.19695919842399689514422789216e-16  2.72351585728358713822672143579e-16 -4.33680868994201773602981120348e-16
 7.88946815863389439016373216873e-16  4.59701721133853880019159987569e-17      1.00000000000000310862446895044 -8.67361737988403547205962240696e-17 -5.89805981832114412100054323673e-17  1.38777878078144567552953958511e-16
 -1.1236400265096646577944738965e-16 -1.40512601554121374647365882993e-16 -3.12250225675825276994146406651e-17      1.00000000000000199840144432528 -6.93889390390722837764769792557e-17  6.93889390390722837764769792557e-17
-4.18854404285462500467929203296e-16  3.69496100383059911109739914536e-16 -6.24500451351650553988292813301e-17  -4.8572257327350598643533885479e-17      1.00000000000000133226762955019  5.68989300120392726967111229897e-16
 3.19297539796981055815194849856e-17  -4.6143644460983068711357191205e-16  1.94289029309402394574135541916e-16  6.24500451351650553988292813301e-17  5.55111512312578270211815834045e-16      1.00000000000000266453525910038
11
5     5
     1.00000000000000288657986402541  -2.7451999007332972269068704918e-16 -5.09141340199192882209899835289e-16  4.64038529823795897755189798772e-17 -2.68882138776405099633848294616e-17
-3.84241249928862771412241272628e-16      1.00000000000000177635683940025  9.36750677027475830982439219952e-17 -1.83880688453541552007663995028e-16 -5.55111512312578270211815834045e-17
-5.62700927519976801249868003651e-16   1.2490009027033011079765856266e-16      1.00000000000000288657986402541  6.83481049534861995198298245668e-16  -2.1163626406917046551825478673e-16
  7.9797279894933126342948526144e-17 -1.43982048506074988836189731956e-16  7.12971348626467715803300961852e-16      1.00000000000000377475828372553  6.93889390390722837764769792557e-17
 7.63278329429795121541246771812e-17 -1.38777878078144567552953958511e-16 -1.70002900645727095252368599176e-16   1.2490009027033011079765856266e-16      1.00000000000000266453525910038
12
2     2
    1.00000000000000177635683940025 1.59594559789866252685897052288e-16
8.32667268468867405317723751068e-17     1.00000000000000177635683940025
5
9       5        10       6        11       5        12       2        8       2        4
11          12             10          11             9          10             8          9             
8
5     2
 0.625269806466931754584948066622  0.558959199126681793856619151484
-0.811836563113620290899064002588 -0.124901310780901816932519921011
 0.807011855711274983526948290091  -0.43270600065432573977375341201
 -0.18863076283284685441543615525  0.774330582104453157832324450283
-0.156484742104554513941749860351  -0.78131048776357348017995718692
9
6     5
 0.979288275546041253605267229432 -0.010247308973885959834659864498  0.321525466894308831200532949879  0.506254998809569256579266038898 -0.002592526892299044059819745911
-0.841828540850637296877323478839  0.439681511806774227846261737795  0.264652700106377369859700365851  0.211007282859304173827652562068  0.400432032342247834488802027408
-0.252414397747611762845565408497 -0.978796182627049815572206625802 -0.345672621524461876063583076757  0.108880829844272983275565991335 -0.161724775079444327285926874538
 0.239151660098137097687498453524   0.56196074020551811667445463172 -0.152199640840519956341836405045 -0.775338397915533272808374931628 -0.325347063942266090386112864508
 0.214047608591297039426493142855 -0.138512618167856121909053968011 -0.777993558904022108890785602853 -0.572567596263440337089889453637  0.546061577293759481399604283069
-0.224575755822291334151685759934 -0.191015067252263803787570850545  0.141940503582044297292696910517 -0.288201461422220917008019114292 -0.980999768835588814575032756693
10
5     6
  0.912774157475876979361828489345   0.913203705611506877382055336057  -0.250363669158378598922354285605  -0.245749796950996024502700265657  -0.200546018625370831012233452384  -0.234056911875632822628290341527
-0.0227871315877195175503278079532   0.436152217780906459321244028615   0.973747944591184522167282011651   0.581095995019107580681350100349  -0.165689743815833817608407230182   0.165557945329497663289330944281
  0.345620475032294816042366392139  -0.232358073385778296504611262208  -0.330186614542617828949033764729   0.163548090744468466173344722847   0.780797190404791896511937920877   0.187020068583572091069910925398
 -0.516208285433968683264538412914   0.189274564037845371977653030626 -0.0917842910905877495952864819628  -0.783751095676382014687533228425  -0.555037867703261800222946931171   0.316455483432557249656724707165
0.00477463574298953724595051539836  -0.395590222452936679520263396626  -0.185464224150232503962598684666   0.272626872535533970598464748036  -0.511134389046163040148940126528   -0.99887088826179237788238651774
11
2     5
-0.610924247234787665128408207238 -0.798249986974374214909744296165  -0.82478204062892723769095937314 -0.224097011166740855969692347571  0.133898808782478589973763405396
 0.568995912364826161855546615698  0.142449318179976969211963933049 -0.397953826886485173552898686467 -0.736440274430447683329248320661 -0.827042869932581581338126852643
5
9       5        10       6        11       5        12       2        8       2        4
12          11             11          10             10          9             9          8             
9
2     5
 0.625269806466932087651855454169 -0.811836563113620179876761540072  0.807011855711274872504645827576 -0.188630762832847048704465464652 -0.156484742104554319652720550948
 0.558959199126681904878921613999 -0.124901310780901678154641842866 -0.432706000654325795284904643268  0.774330582104453268854626912798  -0.78131048776357348017995718692
10
5     6
  0.979288275546041697694477079494   -0.84182854085063751892192840387   -0.25241439774761170733441417724   0.239151660098137153198649684782   0.214047608591297011670917527226  -0.224575755822291250884958913048
-0.0102473089738858991193382053098   0.439681511806774227846261737795  -0.978796182627049815572206625802   0.561960740205518338719059556752  -0.138512618167856010886751505495  -0.191015067252263748276419619287
  0.321525466894308664667079256105   0.264652700106377591904305290882  -0.345672621524462098108188001788  -0.152199640840519845319533942529  -0.777993558904022330935390527884   0.141940503582044408314999373033
  0.506254998809569478623870963929   0.211007282859304007294198868294    0.10888082984427321919795872418   -0.77533839791553349485297985666  -0.572567596263440337089889453637  -0.288201461422221028030321576807
  -0.00259252689229909349943881125   0.400432032342248001022255721182   -0.16172477507944402197459510262  -0.325347063942266367941869020797   0.546061577293759481399604283069  -0.980999768835588925597335219209
11
6     5
  0.912774157475877090384130951861 -0.0227871315877194724475174325562   0.345620475032294593997761467108  -0.516208285433968572242235950398 0.00477463574298974454540589462681
  0.913203705611507321471265186119   0.436152217780906403810092797357  -0.232358073385778213237884415321     0.1892745640378455385111067244  -0.395590222452936735031414627883
 -0.250363669158378543411203054347   0.973747944591184633189584474167  -0.330186614542617884460184995987  -0.091784291090587694084135250705  -0.185464224150232337429144990892
 -0.245749796950996107769427112544   0.581095995019107691703652562865   0.163548090744468466173344722847   -0.78375109567638190366523076591   0.272626872535534081620767210552
 -0.200546018625370914278960299271  -0.165689743815833984141860923955   0.780797190404791785489635458362  -0.555037867703261689200644468656  -0.511134389046163151171242589044
   -0.2340569118756329891617440353   0.165557945329497635533755328652   0.187020068583572007803184078512   0.316455483432557582723632094712  -0.998870888261792266860084055224
12
5     2
-0.610924247234787554106105744722  0.568995912364826272877849078213
 -0.79824998697437432593204675868   0.14244931817997719125656885808
-0.824782040628927348713261835655  -0.39795382688648534008635238024
-0.224097011166740939236419194458 -0.736440274430447905373853245692
 0.133898808782478784262792714799 -0.827042869932581359293521927611
5
9       5        10       6        11       5        12       2        8       2        5
12          12             11          11             10          10             9          9             8          8             
8
2     2
 -0.80075828379487135055825319796 -0.143913417817175426360876144827
-0.143913417817175315338573682311 -0.803626881922253955004009640106
9
5     5
 -0.619093625435524375077989134297  -0.311033766812617795682882615438   0.168066619318702592522640770767   0.159017768624948069300373276747  -0.277601336864478076549289653485
 -0.311033766812617962216336309211  -0.388481898831594063548067197189  -0.419837456918312201814558193291    0.11097997430423271747468305648 -0.0740509977075158865034154587192
  0.168066619318702703544943233283  -0.419837456918312090792255730776  -0.114538222728637437142218402641  -0.551473162911863989954497355939   0.193549267260158697201433142254
  0.159017768624948013789222045489   0.110979974304232856252561134625  -0.551473162911864100976799818454  -0.382156309536232752233075871118  -0.369058618188034537332953277655
 -0.277601336864478021038138422227 -0.0740509977075158865034154587192   0.193549267260158697201433142254  -0.369058618188034481821802046397  -0.425569764046929477352421145042
10
6     6
  0.0516011626675373161199367189056   -0.666843685296153121377926709101   0.0134546739163862345833866385192   -0.233077939254918181655185094314   -0.364629175665078519852357885611  0.00329758108284088297459946126367
  -0.666843685296153121377926709101   -0.048678816147726247653970688134   -0.357795784654806992008957422513  -0.0124844119785109727155392178588 -0.00450731390061988139439375089523    -0.32563310464899258844795326695
  0.0134546739163862068278110228903   -0.357795784654806992008957422513  0.00672679818627480025083897885452   -0.474040149701456636766039309805    0.120603693423968733045015255811  0.00088705795814041652272430305004
  -0.233077939254918153899609478685  -0.0124844119785109432252401262531   -0.474040149701456747788341772321 -0.00332566436536987745931082116613 -0.00783397334933675845713985097518    0.242718187295650311696704193309
  -0.364629175665078741896962810642 -0.00450731390061992476248065031541    0.120603693423968746922803063626 -0.00783397334933679315160937051132   0.0220317556454740215432508421145   -0.430147957939936764759636389499
 0.00329758108284094325624025145771   -0.325633104648992421914499573177 0.000887057958140390068191294403732    0.242718187295650256185552962052   -0.430147957939936542715031464468  -0.0256823204157831247451682088467
11
5     5
   0.62248701717708410097174009934  -0.306191631303297184807377107063  -0.175322716293364905260077080129    0.14185114135715035099671865737   0.286341784626813811165391143732
 -0.306191631303297240318528338321   0.398094245679533997872567852028  -0.414774791091980232771163628058   -0.10895254336056989230563374349 -0.0750799168363567026585059238641
 -0.175322716293364988526803927016  -0.414774791091980232771163628058   0.122841388555140484939443012991  -0.543254064020045279725934506132  -0.213168674239279487547804592396
  0.141851141357150239974416194855  -0.108952543360569920061209359119  -0.543254064020045168703632043616   0.404308276995302251499708745541  -0.376339793977618852771627189213
  0.286341784626813700143088681216 -0.0750799168363567026585059238641  -0.213168674239279432036653361138  -0.376339793977618908282778420471   0.387982160968616818230714216043
12
2     2
 0.796375923383027650714893752593 -0.141892344661732339172743877498
-0.141892344661732339172743877498  0.811274826340120824852419900708
5
9       5        10       6        11       5        12       2        8       2        4
11          12             10          11             9          10             8          9             
8
5     2
-0.666038616906958647057024336391  0.536387505475799053478169753362
-0.824167770795421139595759996155  0.129628836864098428982572386303
-0.752153350014516441923717593454  -0.23963095630116565404321704591
-0.388194127566047431088236407959   -0.8599675455338137153304955973
 0.128418987147831092920924334067 -0.831109345946708710783923379495
9
6     5
   -0.91414106118007865120489441324   0.0295037152794852923498591934504   -0.478278963620639874232409738397    0.432135707256410372956167975644 0.000380774759210043584490429369183
  -0.911533529946884968353515432682   -0.475246050549547771613134727886    0.283619354702979831195364113228   -0.108915969679810070713799063924    0.372180338825395529145367845558
   0.270521577787565470352149077371    -1.00959257299399363105862903467    0.300688587970949106065177147684    0.163087104999056098364462741301    0.173267759534102866458837866048
   0.303576704476618830508272139923   -0.514165898098828066942189707333   -0.585594330387336103882489624084      0.7846531376642952304578670919   -0.145400741068910765996236023057
  -0.114823419537686557956313038176   -0.291165981660826633792282791546    0.757784855260985712455124030384   -0.102842693211711189160695312239   -0.605433583508326100819374460116
   -0.22145125356403974614671881227    0.161007936996500178317148765927    0.115756108994518019938979591643    0.379401663941614064601282052536   -0.994691845109882177844440320769
10
5     6
  -0.98037350851679827545837042635   0.840216552963840124235161965771   0.274630199431373400731359879501  -0.300301144452448653954235169294   0.124803047088182517132537441285  -0.211796769170093268641608119651
 0.0124830825439810125243589311594   -0.47678636749173991526973281907     1.0131331052478049770115831052  -0.511303125581630713014646971715  -0.270630650105179615394490610925  -0.180610636483439002120121585904
 -0.451661169277744745098601697464  -0.321588055643473591516112719546    0.30149617012289114947876100814   0.572823871054023325832815771719  -0.769865812512162461800357959874  0.0803421270467467724119003946726
 -0.429639334252637394850893315379  -0.130231115464718827379186905091   -0.17441679991804165394952974566   0.775811648581406276825589429791  -0.122294555588106340637821745077  -0.343701615095117651854650375753
0.00444592590988900776549641591373  -0.376446335452604419202771168784   0.157767262985081063719761118591   0.185474163636500294360942575622   0.649834883612909530725687545782  -0.976686027971182868512300956354
11
2     5
 0.679318514460673150701097711135 -0.833738262408696639838012742985  0.741812448461146800582355353981 -0.358647847313786793943535258222 -0.148094163583705917819344222153
 0.524931516594656422114439919824 -0.120912563998278738131020304536 -0.262619849532326865571008056577  0.902611882194090942022057788563 -0.784616390657370099681600095209
5
9       5        10       6        11       5        12       2        8       2        4
12          11             11          10             10          9             9          8             
9
2     5
-0.666038616906958647057024336391 -0.824167770795421139595759996155 -0.752153350014516663968322518485 -0.388194127566047542110538870475   0.12841898714783100965419748718
 0.536387505475799164500472215877  0.129628836864098651027177311335  -0.23963095630116565404321704591 -0.859967545533813826352798059816 -0.831109345946708599761620916979
10
5     6
  -0.914141061180078540182591950725   -0.911533529946884968353515432682    0.270521577787565359329846614855    0.303576704476618830508272139923   -0.114823419537686544078525230361   -0.221451253564039690635567581012
  0.0295037152794854692916537430847   -0.475246050549547716101983496628    -1.00959257299399363105862903467   -0.514165898098827844897584782302   -0.291165981660826744814585254062    0.161007936996500289339451228443
  -0.478278963620639763210107275881    0.283619354702979720173061650712    0.300688587970949050554025916426   -0.585594330387336103882489624084    0.757784855260985601432821567869    0.115756108994518033816767399458
   0.432135707256410372956167975644   -0.108915969679809959691496601408    0.163087104999056070608887125672    0.784653137664295341480169554416   -0.102842693211711230794058735682     0.37940166394161395357897959002
0.000380774759210170924035587791678    0.372180338825395695678821539332    0.173267759534102838703262250419   -0.145400741068910710485084791799   -0.605433583508326322863979385147   -0.994691845109882177844440320769
11
6     5
 -0.980373508516798164436067963834  0.0124830825439808286436704776179  -0.451661169277744745098601697464  -0.429639334252637505873195777895 0.00444592590988910230792585664972
  0.840216552963840013212859503255   -0.47678636749173991526973281907   -0.32158805564347375804956641332   -0.13023111546471885513476252072  -0.376446335452604474713922400042
  0.274630199431373400731359879501     1.0131331052478049770115831052   0.301496170122891204989912239398  -0.174416799918041709460680976918   0.157767262985081008208609887333
 -0.300301144452448598443083938037  -0.511303125581630713014646971715   0.572823871054023325832815771719   0.775811648581406387847891892307   0.185474163636500322116518191251
  0.124803047088182711421566750687   -0.27063065010517972641679307344  -0.769865812512162461800357959874  -0.122294555588106368393397360705   0.649834883612909530725687545782
  -0.21179676917009329639718373528  -0.180610636483438863342243507759   0.080342127046746786289688202487  -0.343701615095117596343499144496  -0.976686027971182868512300956354
12
5     2
 0.679318514460673150701097711135  0.524931516594656533136742382339
-0.833738262408696861882617668016 -0.120912563998279071197927692083
 0.741812448461146800582355353981 -0.262619849532326810059856825319
-0.358647847313786960476988951996  0.902611882194090942022057788563
-0.148094163583705834552617375266 -0.784616390657369988659297632694
5
9       5        10       6        11       5        12       2        8       2        5
12          12             11          11             10          10             9          9             8          8             
8
2     2
-0.824165598434463353427759102487  0.135620531332463267748522639522
 0.135620531332463378770825102038 -0.808546715493008383290884921735
9
5     5
 -0.620757443605506220585255050537   0.331544639385632389227964722522   0.215884556791077791837452082291 -0.0835118434897471340061514410991   -0.27146377428172174806064731456
   0.33154463938563244473911595378  -0.413443924649433192097802702847   0.380392892375549351857699775792   0.193908813566930654515019227802  0.0745033537989221172903597789627
  0.215884556791077875104178929178   0.380392892375549296346548544534  -0.400509834762949934461317980094   0.539164792686773086671792043489   0.134054190584863036628249233218
-0.0835118434897471895173026723569   0.193908813566930737781746074688   0.539164792686773086671792043489  -0.111743654723649846194355461648   0.443949183839247307759023897233
  -0.27146377428172174806064731456  0.0745033537989220895347841633338   0.134054190584863092139400464475   0.443949183839247252247872665976  -0.380602299541544453198582687037
10
6     6
 -0.0513462534875965340153136651224    0.667477091680210632418379645969  -0.0170111263458299216688729416092    0.332377881657538287729636294898   -0.302447237662074430719627571307  0.00198528698878948145142842029998
   0.667477091680210632418379645969   0.0488835974432653280752347768612     0.38806806749745542672869191847   0.0136899037497643268068703292784 -0.00430888656320415393968792372448   -0.307478602736349082569233814866
 -0.0170111263458299806494711248206    0.388068067497455537750994380986 -0.00394009185533485128960506926887    0.428074089406357771725453176259    0.226353934333919787347255692112  0.00308018941636944987294555176049
   0.332377881657538343240787526156   0.0136899037497643615013398488145    0.428074089406357716214301945001  0.00718058517963396022998345813448 -0.00268896762065036487587832425561    0.138393072802046712688195384544
  -0.302447237662074430719627571307 -0.00430888656320419470568960917944    0.226353934333919898369558154627 -0.00268896762065045508149907504958  -0.0284092127943501443487761548568    0.509062654661693869684313540347
 0.00198528698878953045736661664478   -0.307478602736348916035780121092  0.00308018941636947762852116738941    0.138393072802046740443771000173    0.509062654661693869684313540347   0.0265457908579178197827630469874
11
5     5
  0.617864823627966242014508679858    0.33752063849312818888392939698  -0.212768244811649215320059624901 -0.0976136152192472877908713257966   0.262402391374100374399347401777
  0.337520638493128299906231859495   0.408214023218125443559500808988   0.378062374160298531045043546328  -0.193972455038726981912944324904  0.0699714691730364962696242514539
 -0.212768244811649298586786471787   0.378062374160298697578497240102   0.397607658899224725157495186068   0.547330353590242624228778822726  -0.117242142052041545263740829341
-0.0976136152192472461575079023532  -0.193972455038726981912944324904   0.547330353590242846273383747757  0.0795710079137496861800826764011    0.43348855944039804688472372618
  0.262402391374100485421649864293  0.0699714691730364823918364436395  -0.117242142052041517508165213712   0.433488559440397991373572494922   0.419822391251707727199971031951
12
2     2
0.828725044459576731803451821179 0.136841580601665402383559921873
0.136841580601665319116833074986 0.801419538514474338875004377769
