11
5
10       5        9       2        12       5        13       2        11       6        5
13          13             12          12             11          11             10          10             9          9             
9
2     2
   -12.460751283923443111234519165 -0.0382985785078595042385529723106
-0.0382985785078601426167921317756   -12.2013496659186895243465187377
10
5     5
     -14.084409141549066646348364884   0.00312482663452714679030997046993    -0.015150473067118652020779379086    -0.006056717085814532219867345475 -0.000175727515254298083391404361464
  0.00312482663452900988332316956075      -12.456572716783352205993651296  0.000308438570385413668439866796689 -0.000989118198176819340972087957198   -0.0392772411997497905566945064493
   -0.015150473067117239955869933965  0.000308438570384123034173740052211     -12.4096579388929004750252715894   -0.0160927738653870444629490066291  -0.00141972149664082447628743466339
  -0.0060567170858153163148784869918   -0.0009891181981772356746063223909   -0.0160927738653875163077344723206     -12.2905713616065686011324942228 -1.41058946699912368671903095674e-05
-0.000175727515251550281405457099027   -0.0392772411997514558912314441841   -0.0014197214966404358982288158586 -1.41058946724337275213656539563e-05     -12.1983792885047996890079957666
11
6     6
    -14.0836497722149118771994835697  0.000350403803328080054244053620494  -0.00304792318249516580586089276039    0.0155250360171189372149314067428   -0.0033101482802315312925500734309  8.77714252080497026042849029182e-05
  0.00035040380332696169970313482267     -13.9707891114406059784869285068  0.000281137353068760306035178686557   -0.0032346831113384015218836786687  0.000255043839318693909418156451352   0.00120316920333564305461981902567
  -0.0030479231824959984731293616278  0.000281137353068945487766239210714     -12.4545704379993935617676470429  0.000432927874133848256121837039245  0.000869862476675808959925007002312    0.0397691988404507701382328832551
   0.0155250360171172857581822768225  -0.00323468311133932526213463631848  0.000432927874133709478243758894678      -12.403701095028909051620757964    0.0170395765403911214619370184664  0.000806518836309555453567554650363
 -0.00331014828023107332555241555383  0.000255043839316296087893487509746  0.000869862476675808959925007002312    0.0170395765403906773727271684038     -12.2899162443229759134055711911 -0.000677326317677806599704126711003
 8.77714252084105250872880787938e-05   0.00120316920333582346586132061361    0.0397691988404497709375107206142  0.000806518836310221587382329744287 -0.000677326317677917622006589226658     -12.1966576781998732315059896791
12
5     5
    -14.0819211508356438855571468594   0.00216527639301958285678040283528    0.0150448016002868167895201167994  -0.00324126481439299118925134735036  0.000333738832894003856210929370718
  0.00216527639302210861416142506641     -12.4547419685984301906955806771 -0.000424145313807078316870047274278 -0.000530723742353134131377601079294   -0.0397874303131021123114408055699
   0.0150448016002877049679398169246 -0.000424145313807300361474972305587     -12.4085324072650706739295856096    0.0164240233130547030881984937878 -7.19692036436070381455465394538e-05
  -0.0032412648143928524113732692058 -0.000530723742352745553318982274504    0.0164240233130537038874763311469     -12.2912456827555836014198575867  -0.00114766103404706498736231878866
 0.000333738832893420989123001163534   -0.0397874303130997808430890927411 -7.19692036438290827504715707619e-05  -0.00114766103404706498736231878866     -12.1962080898159150876836065436
13
2     2
 -12.4570496793709235561209425214 0.0393287794744713314898376665951
0.0393287794744696661553007288603  -12.1970720340447975615916220704
5
10       5        11       6        12       5        13       2        9       2        5
13          13             12          12             11          11             10          10             9          9             
9
2     2
     1.00000000000000288657986402541 -5.03069808033274057379458099604e-16
-3.64291929955129489826504141092e-16      1.00000000000000466293670342566
10
5     5
     1.00000000000000222044604925031  2.39825520553793580802448559552e-16 -1.66967134562767682837147731334e-16  4.16767315103427904432464856654e-16  2.59341159658532660614582709968e-16
 3.48245737802344024203193839639e-16      1.00000000000000199840144432528 -2.44596010112729800312081351876e-16  1.73472347597680709441192448139e-17  1.94289029309402394574135541916e-16
 1.17093834628434478872804902494e-17 -2.42861286636752993217669427395e-16      1.00000000000000177635683940025  3.38271077815477383410325273871e-16  7.45931094670027050597127526999e-16
  4.8572257327350598643533885479e-16  1.38777878078144567552953958511e-17  3.46944695195361418882384896278e-16      1.00000000000000266453525910038  7.63278329429795121541246771812e-17
 2.71484223990370310275466181338e-16   1.8735013540549516619648784399e-16  7.07767178198537294520065188408e-16  4.16333634234433702658861875534e-17      1.00000000000000266453525910038
11
6     6
     1.00000000000000177635683940025  8.13226168263486703935427613033e-16  2.12503625807158869065460748971e-16 -1.63931368479808270421926863492e-16  2.01227923213309622951783239841e-16 -2.35922392732845764840021729469e-16
 8.27632504630387844102301642124e-16      1.00000000000000333066907387547  4.44089209850062616169452667236e-16 -1.75938907540085232028559403261e-16  2.17951741723898528846348199295e-16 -4.04190569902596052997978404164e-16
  2.4893281880267181804811116308e-16   3.9840364080695467308146362484e-16      1.00000000000000421884749357559 -6.00214322687975254666525870562e-16 -2.32452945780892150651197880507e-16 -4.64905891561784301302395761013e-16
-9.02056207507939689094200730324e-17  -2.1242231064422245623291019001e-16 -6.86950496486815609387122094631e-16      1.00000000000000288657986402541 -6.59194920871186695876531302929e-16 -2.35922392732845764840021729469e-16
 1.75207071073657516535604372621e-16  2.37792641480383259988684585551e-16  -3.6082248300317587563768029213e-16 -5.82867087928207183722406625748e-16      1.00000000000000222044604925031 -5.55111512312578270211815834045e-17
-1.42247325030098181741777807474e-16  -5.1098448389241823974771250505e-16 -5.75928194024299955344758927822e-16 -1.94289029309402394574135541916e-16 -8.32667268468867405317723751068e-17      1.00000000000000310862446895044
12
5     5
     1.00000000000000377475828372553 -6.06285854853894079496967606246e-16 -2.39391839684799379028845578432e-16  3.57353036051222261448856443167e-16 -7.80625564189563192485366016626e-17
-5.68989300120392726967111229897e-16      1.00000000000000310862446895044 -3.08780778723871662805322557688e-16  6.93889390390722837764769792557e-17  1.97758476261356008762959390879e-16
 6.93889390390722837764769792557e-18 -3.15719672627778891182970255613e-16      1.00000000000000177635683940025                                    0  2.08166817117216851329430937767e-16
 3.01841884819964434427674859762e-16   1.2490009027033011079765856266e-16                                    0      1.00000000000000244249065417534  4.44089209850062616169452667236e-16
 5.03069808033274057379458099604e-17  2.25514051876984922273550182581e-16  1.94289029309402394574135541916e-16  2.91433543964103591861203312874e-16      1.00000000000000333066907387547
13
2     2
    1.00000000000000244249065417534 3.05311331771918048616498708725e-16
3.95516952522712017525918781757e-16     1.00000000000000310862446895044
5
10       5        11       6        12       5        13       2        9       2        4
12          13             11          12             10          11             9          10             
9
5     2
 0.607518530065987882871070269175  0.519824461275328331133493975358
 -0.80541567325181073755402394454 -0.147648883730264662839104516934
 0.867072289959351927279840310803 -0.309505640583445540414686547592
-0.250531568812579208405111330649  0.881230197371117962568121129152
-0.145472316391874273433515440956 -0.804594494997248221856978034339
10
6     5
 -0.941763902065020919174287428177   0.427952534449565713536856037535   0.297026097263775878953850906328   0.197750604449056149869434761968   0.369430494438275192070619823426
  0.888368052322355605809889311786 0.00032229198614250656983182263815   0.457645480236490709291530265546   0.543639258462024654861011185858 0.00121727400005438093910647978646
  0.247606688034978872359204160603   0.979463515064877499050055575935   0.350299178552319290247396565974  -0.107349620359670189229106540552   0.193450825672561582679875868962
 -0.297707024077214721380357786984  -0.615052302726800670384932345769   0.279050503346658707037875046808   0.789815450920257400291291105532   0.216867263128439513586442899395
  0.195049060045261846152442331004  -0.183288008463669271908003111093  -0.801610119870300730227086205559  -0.312642443151606608253700869682    0.61372999839327335713790034788
 -0.209963487921912245193212243066  -0.181948851901023084254305217655   0.134013378812605388201717460106  -0.370714427427621673327706730561  -0.979401922006017833233215696964
11
5     6
  -0.948454596879655609242831815209   -0.880871593218654935775191461289   -0.245307478217719282520548063076   -0.293492017453139519833626991385    0.198796761512916836389663899354    0.214743810707287957617594997828
  -0.430579302391157769935858823374  0.00939734984922604814350233226605    0.980580447459264537002354700235     0.60027888378236227140405389946    0.170955756178929996202953134343   -0.198391022370512093431216271711
  -0.301452757298413642761403252734    0.460245686356001382222302709124    0.365474663175333502884711833758   -0.276379550293508413627563413684    0.784736122559747006910413347214    0.122503969641062360196315239591
   0.188986096008987691785563356461    -0.54901862905649401191965353064    0.117340035625046371081658946878    0.803554137398807100112207990605   -0.313664630373766351034703347977    0.349159252374129425167126328233
  -0.366260713786332792185618245639 -0.00205122549072319802429542612288    0.178031668641365603544812756809   -0.233677337974039806001158581239   -0.632394448748185511455233154265   -0.975771730004735604602217335923
12
2     5
-0.609669590084954693409713399888 -0.808927934479872656758914217789  0.863002087500957859589334475459  0.238497999834876878155753843203 -0.159715614368748926032992585533
 0.522112124295607826773846227297  0.135298655192139571923348739801   0.32682927046512233459907292854  0.884311180019872966617811016476  0.795104331075388470750908709306
5
10       5        11       6        12       5        13       2        9       2        4
13          12             12          11             11          10             10          9             
10
2     5
 0.607518530065987993893372731691  -0.80541567325181073755402394454  0.867072289959352038302142773318 -0.250531568812579152893960099391 -0.145472316391874245677939825327
 0.519824461275328442155796437874 -0.147648883730264662839104516934 -0.309505640583445429392384085077  0.881230197371117962568121129152 -0.804594494997248554923885421886
11
5     6
  -0.941763902065021141218892353209    0.888368052322355716832191774301    0.247606688034978733581326082458   -0.297707024077214721380357786984    0.195049060045262040441471640406   -0.209963487921912217437636627437
   0.427952534449565435981099881246 0.000322291986142721458702409265129    0.979463515064877499050055575935   -0.615052302726800670384932345769   -0.183288008463669244152427495465   -0.181948851901023028743153986397
   0.297026097263775934465002137586    0.457645480236490709291530265546    0.350299178552319234736245334716    0.279050503346658707037875046808   -0.801610119870300730227086205559     0.13401337881260527717941499759
   0.197750604449056038847132299452    0.543639258462024876905616110889    -0.10734962035967021698468215618    0.789815450920257511313593568048   -0.312642443151606719276003332197   -0.370714427427621673327706730561
   0.369430494438275136559468592168  0.00121727400005450800760109508758    0.193450825672561582679875868962    0.216867263128439513586442899395     0.61372999839327335713790034788   -0.979401922006017722210913234449
12
6     5
  -0.948454596879655720265134277724   -0.430579302391157658913556360858   -0.301452757298413642761403252734    0.188986096008987775052290203348   -0.366260713786332681163315783124
  -0.880871593218654935775191461289  0.00939734984922607242963099594135    0.460245686356001326711151477866    -0.54901862905649401191965353064 -0.00205122549072331034764049562114
   -0.24530747821771917149824560056     0.98058044745926464802465716275    0.365474663175333669418165527532    0.117340035625046357203871139063    0.178031668641365631300388372438
  -0.293492017453139464322475760127    0.600278883782362493448658824491   -0.276379550293508524649865876199    0.803554137398807211134510453121   -0.233677337974039694978856118723
   0.198796761512916808634088283725    0.170955756178929968447377518714    0.784736122559746895888110884698    -0.31366463037376629552355211672   -0.632394448748185622477535616781
   0.214743810707287929862019382199   -0.198391022370512176697943118597    0.122503969641062179785073738003    0.349159252374129480678277559491   -0.975771730004735493579914873408
13
5     2
-0.609669590084954693409713399888  0.522112124295607826773846227297
-0.808927934479872545736611755274   0.13529865519213959967892435543
 0.863002087500957970611636937974  0.326829270465122279087921697283
 0.238497999834876822644602611945  0.884311180019872966617811016476
 -0.15971561436874875949953889176  0.795104331075388470750908709306
5
10       5        11       6        12       5        13       2        9       2        5
13          13             12          12             11          11             10          10             9          9             
9
2     2
-0.802753641087224134587074786396 -0.150957033878444862873280385429
-0.150957033878445057162309694831 -0.798870441673902975665555459273
10
5     5
   -0.6687163626844062624954290186  -0.304003452632197801452917929055   0.212063801435852988808150598743   0.139067823956635583382279719444  -0.259405022119285011417133546274
 -0.304003452632197967986371622828  -0.398300721266431290157328248824  -0.435619449661938828999296902111   0.128345644825089477691903994128 -0.0803544021215242126876532324786
  0.212063801435852877785848136227  -0.435619449661938940021599364627  -0.206150670854379797214406266903  -0.552613571146726711980079471687    0.16001453128383710811100115734
  0.139067823956635555626704103815   0.128345644825089505447479609757  -0.552613571146726823002381934202  -0.223427580501123212997072187136  -0.446327280688344818493362708978
  -0.25940502211928512243943600879 -0.0803544021215241710542898090353    0.16001453128383710811100115734  -0.446327280688344874004513940235  -0.393848670071187234587029024624
11
6     6
 -0.00599154405981581952150838432658    -0.625212300969975265374500850157     0.351074837294515940122607844387  -0.00264375657630297727224144566094  -0.00416547408113663447659646976717    -0.301277049223749315842724172398
   -0.625212300969975376396803312673   0.00291025919014405599211103847779  -0.00366279956755652478378459946384     0.323682394519608784833053505281    -0.388125915466206838910778742502  -0.00148663446574388673215860734445
    0.351074837294515995633759075645  -0.00366279956755650526814549472476  -0.00295491241621617661827770007221    -0.501326972137061344092501258274    -0.144597165210305467208939944612 -0.000150701498890550011910960392925
 -0.00264375657630299548683794341741     0.323682394519608729321902274023    -0.501326972137061344092501258274  -0.00203091391152164860156581482897  -0.00330352042655211036725759754518    -0.184484998895509733074504765682
 -0.00416547408113666396689556137289    -0.388125915466206838910778742502     -0.14459716521030552272009117587  -0.00330352042655210342836369363795   0.00124606789393799655130123937852    -0.507824023615094155559290811652
   -0.301277049223749315842724172398  -0.00148663446574394658011852854429 -0.000150701498890494500759729135098    -0.184484998895509733074504765682    -0.507824023615094044536988349137   0.00533829222364519406784921784492
12
5     5
 0.666175926995883904702111522056 -0.303054881468136527722379014449  0.206993272664053096221437044733  -0.14432070592020634913765775309 -0.262823159069343614824276755826
-0.303054881468136527722379014449  0.393127711373957466900463941784   0.44408921058944123005929327519  0.131446352068608440788466396043 0.0812321987100610570786685116218
 0.206993272664053318266041969764  0.444089210589441174548142043932   0.19884602704154852315099333282 -0.556566189877247929906900481001 -0.157046095617774272845679206512
-0.144320705920206404648808984348  0.131446352068608440788466396043 -0.556566189877247818884598018485  0.226538814793647874656912222235 -0.434303861784954725600016445242
-0.262823159069343559313125524568 0.0812321987100610709564563194363 -0.157046095617774217334527975254 -0.434303861784954892133470139015   0.40174386311227411328061975837
13
2     2
 0.801356215572315622175381122361 -0.152945657408778329378051807907
-0.152945657408778246111324961021  0.797232073321434531187890115689
5
10       5        11       6        12       5        13       2        9       2        4
12          13             11          12             10          11             9          10             
9
5     2
 0.601805985078501137763851147611 -0.514633895447838551895358705224
-0.797563718703222956918352792854  0.157270214366464017308189227151
-0.847594744610912664839474928158 -0.267688290658648908593164605918
-0.251945993736390760897592144829 -0.886984589241463505793205968075
 0.151964617911675148320682637859 -0.776741937725101361245094722108
10
6     5
  -0.945520523551765079695030635776    0.425919283915847102228724452289   -0.284962817198545492747285834412    0.186351104862670313710992786582   -0.365647350784441105275845984579
  -0.879379956488520297952504733985 -0.00546274696513436054667867125545    0.482782799214199531689928335254   -0.517343114208775212148339051055  0.00697326348401949847044534180895
   0.246666233763963238523331256147    0.978173946685949813328875279694   -0.335628058249428429249405780865   -0.109094851216369095880942552412   -0.201258963217166658710155502376
   0.292409990412504983137154113138    0.592601159877178429447042162792    0.348597207902690719993898937901   -0.774963406562538814625895611243    0.188720575830134129624582328688
   0.187251432119044436408472620315   -0.191997860845748269387200934943     0.78176636481626438079928220759    -0.24185345202159672095554299176   -0.618235003690534079545670920197
   0.206571591114345809447883084431     0.18925414407769503011280676219    0.116442685836984069491784055117    0.366917285552688876570925913256   -0.950935600481504272885047157615
11
5     6
  -0.939273661989064367894286533556    0.885751038718688432638259655505   -0.242984975401285024920738919718    0.289218385010740375307136673655    0.189580179385687497273238477646    -0.21225145520442800783911252438
  -0.430177714088646190315756712153  -0.0098505017808019970648736318708    0.978465076804664324328086877358    -0.58064090734061601928317486454    0.182590927752193626920629299093    0.204598390078711944717326787213
    0.29542416369720042590429898155    0.483841087434795702471035383496   -0.347516657013332452841325448389   -0.351286398667412902430129406639   -0.765170430505240251051191080478    0.109501786517534449583166633602
   0.185416444808949920641794051335    0.516973477578843487734161499247    0.117213112508905675790416012205   -0.788575748448712476879052246659   -0.236840868244631741479366837666    -0.35002759590830972991071234901
    0.36106520480402720663093418807 -0.00487418043807601175654298231166   -0.186954433774055711614536789966   -0.199320990694092009531956932733    0.633534883944811388900575366279   -0.948693502099132168758899297245
12
2     5
-0.604311424248281880977629043628 -0.798070591523540318057428066822 -0.845066881679390480286429010448  0.244220264452664953536142888879  0.164854984143209065683421954418
-0.515632561311231918388386930019 -0.146102647675130703497359263565  0.280085882079683323730989741307 -0.888334343743623189304514653486  0.772286042664315997008372960408
5
10       5        11       6        12       5        13       2        9       2        4
13          12             12          11             11          10             10          9             
10
2     5
 0.601805985078501137763851147611 -0.797563718703222956918352792854 -0.847594744610912553817172465642 -0.251945993736390705386440913571  0.151964617911675176076258253488
-0.514633895447838440873056242708  0.157270214366464072819340458409 -0.267688290658648797570862143402  -0.88698458924146339477090350556 -0.776741937725101361245094722108
11
5     6
 -0.945520523551765190717333098291  -0.879379956488520519997109659016   0.246666233763963210767755640518   0.292409990412505038648305344395   0.187251432119044325386170157799   0.206571591114345809447883084431
  0.425919283915847213251026914804 -0.0054627469651342512590996847166   0.978173946685950146395782667241   0.592601159877178318424739700276  -0.191997860845748130609322856799    0.18925414407769503011280676219
 -0.284962817198545659280739528185   0.482782799214199476178777103996  -0.335628058249428595782859474639   0.348597207902690664482747706643   0.781766364816264491821584670106   0.116442685836984166636298709818
  0.186351104862670258199841555324  -0.517343114208775101126036588539  -0.109094851216369012614215705526  -0.774963406562539036670500536275  -0.241853452021596748711118607389   0.366917285552688932082077144514
 -0.365647350784441216298148447095 0.00697326348401944295929411055113  -0.201258963217166769732457964892   0.188720575830134323913611638091  -0.618235003690534079545670920197  -0.950935600481504383907349620131
12
6     5
   -0.93927366198906425687198407104   -0.430177714088646190315756712153    0.295424163697200370393147750292    0.185416444808949976152945282593     0.36106520480402720663093418807
   0.885751038718688432638259655505 -0.00985050178080217400666818150512    0.483841087434795813493337846012    0.516973477578843709778766424279 -0.00487418043807585910087709635263
  -0.242984975401285080431890150976    0.978465076804664546372691802389   -0.347516657013332397330174217132     0.11721311250890556476811354969   -0.186954433774055794881263636853
   0.289218385010740375307136673655   -0.580640907340615908260872402025   -0.351286398667413013452431869155   -0.788575748448712254834447321628   -0.199320990694091981776381317104
   0.189580179385687497273238477646    0.182590927752193599165053683464   -0.765170430505240140028888617962   -0.236840868244631796990518068924    0.633534883944811166855970441247
  -0.212251455204428091105839371266      0.2045983900787120279840536341    0.109501786517534421827591017973   -0.350027595908309785421863580268   -0.948693502099132279781201759761
13
5     2
-0.604311424248281769955326581112 -0.515632561311232029410689392535
-0.798070591523540207035125604307 -0.146102647675130647986208032307
-0.845066881679390480286429010448  0.280085882079683157197536047534
 0.244220264452664842513840426363 -0.888334343743623300326817116002
 0.164854984143209121194573185676  0.772286042664315997008372960408
5
10       5        11       6        12       5        13       2        9       2        5
13          13             12          12             11          11             10          10             9          9             
9
2     2
-0.798446786640183869820930340211  0.157523524514456669809447930675
 0.157523524514456614298296699417  -0.77634083960722266581910844252
10
5     5
-0.666766105088639537967765136273 -0.300949050046349808607004661098 -0.208741289884119635145154347811  0.136578918221424649992457034386  0.255426521375210491271445789607
-0.300949050046349864118155892356 -0.400427638969901245058480299122  0.422773280887963565088938366898  0.126547020129463810844683280266 0.0822264752882206073625326325782
-0.208741289884119635145154347811  0.422773280887963620600089598156 -0.242974181232461783341847194606   0.54249737329449776446210762515  0.137424371816833118531420154795
 0.136578918221424622236881418758  0.126547020129463838600258895895   0.54249737329449776446210762515 -0.172363216678277170190725087195  0.446385291370990811010699417238
 0.255426521375210491271445789607 0.0822264752882206073625326325782  0.137424371816833035264693307909  0.446385291370990755499548185981 -0.387163528727990202682462950179
11
6     6
  0.00331269961720444565053678154243      0.62386353070344779947475899462     0.348820349859615908005849860274   0.00418233159554563110882341447905 -0.000766299947614252491279174250849     0.297015095551768637527345617855
    0.623863530703447688452456532104  -0.00596378773102425232405243704648   0.00167853729928661168056824859462      0.34366502869491055704997961584     0.365276630158818338411919057762  -0.00481473419166591077439365520263
    0.348820349859615852494698629016   0.00167853729928667261273034227997 -0.000810026836680408264534936080281     0.485363006276467889854586701404    -0.149126562230848386247927805925  0.000120453381720720537062518928906
  0.00418233159554562070048255861821      0.34366502869491055704997961584     0.485363006276467945365737932661  -0.00375649701376562332455488757432   0.00322879426537656805118459146797    -0.157529452101193401247769543261
 -0.00076629994761426983851393401892     0.365276630158818171878465363989     -0.14912656223084852502580588407   0.00322879426537649692752207641888   0.00379959831666958763873864768357     0.511088923739093203835182066541
    0.297015095551768637527345617855   -0.0048147341916658786820093496317  0.000120453381720739619020754673784    -0.157529452101193484514496390148     0.511088923739093092812879604026   0.00237811616994700741889445794186
12
5     5
  0.664557084446811163758184193284   -0.29922148055914804531951745048  -0.205819399284327519961124153269  -0.139067615346465500714145946404   0.259147407649614025526574323521
 -0.299221480559148156341819912996   0.399134804583856250825846245789  -0.429657205278378639956571305447   0.129376052747757708250020414198 -0.0830523271971153886905625540749
  -0.20581939928432749220554853764  -0.429657205278378584445420074189   0.239115734202196977831178514862   0.546175428704944287972011807142  -0.136402189882827512557028626361
 -0.139067615346465389691843483888   0.129376052747757513960991104796   0.546175428704944398994314269657   0.173828036510534411629436135627   0.436602727512697685874343278556
  0.259147407649614081037725554779 -0.0830523271971153470571991306315  -0.136402189882827484801453010732   0.436602727512697796896645741072   0.389761191953892027761696681409
13
2     2
0.797700463266502457493345445982 0.159273562466887896871270413612
0.159273562466887841360119182355 0.774531593365714865484505935456
