12
5
8       5        9       6        10       5        11       2        7       2        5
11          11             10          10             9          9             8          8             7          7             
7
2     2
 -9.71549990465607038458983879536 0.0440148234486533729281632076891
0.0440148234486554823519099954865  -9.31919734630268870034797146218
8
5     5
    -11.3035889284738111371098057134  0.000847190027813797541522689016347    0.0140884777947612449544578794303    0.0289414107930145159119916797863 -1.64709999082857105889843296609e-05
 0.000847190027812999568723739685083     -9.71511188777561507379232352832 -5.45199662723983013989936807775e-05  -0.00096229256536900509289012006775   -0.0440729327566451445363782113418
   0.0140884777947591077751354760039 -5.45199662718987010379123603343e-05     -9.64693919610899541794424294494    0.0173868829407697322864123634645  0.000855852537857693107525847153738
   0.0289414107930148767344746829622 -0.000962292565369116115192582583404    0.0173868829407698433087148259801     -9.45748420675391443523949419614 -0.000470313469869587663652055198327
-1.64709999109780014237003342714e-05   -0.0440729327566464490484321459007  0.000855852537858359241340622247662 -0.000470313469869254596744667651365     -9.31923945714556900554725871189
9
6     6
    -11.3040493096943190920455890591  2.24852158864588687857410942428e-05  -0.00107381719224700078463285990438    0.0141546862448131693934527675083    0.0285914424802919814316837232582 -6.59168680953031715930023892724e-05
 2.24852158862002865676033014353e-05     -11.1314667675050138484493800206  2.46621009209767642032795631479e-05  -0.00115610750789712905285677724265 -6.17929143398141152154767752336e-05  0.000213593634293351552350115341028
 -0.00107381719224704935689018725498  2.46621009211224267651529906686e-05      -9.7151535974743676860043706256  8.84287336651023991862530237995e-05  0.000665246824013976389977642611484    0.0440040850271974925966844693903
   0.0141546862448110460919181718964   -0.0011561075078980200502021258302  8.84287336644640209470935587888e-05     -9.64575871031422771295638085576    0.0175694834674770539173493943963  0.000783089361485078683244864805602
    0.028591442480292522665408228022 -6.17929143393002033857186461319e-05  0.000665246824013338011738483146473    0.0175694834674766098281395443337      -9.4573164792067192507829531678 -0.000300428083119030908676450053463
 -6.5916868096010938771200926567e-05  0.000213593634293653177394500808361    0.0440040850271981587304992444842  0.000783089361484190504825164680369  -0.00030042808311758761874443734996      -9.3194675788281262640566637856
10
5     5
     -11.304313629216592218540426984   0.00101061574415668015136660073949   -0.0140646415219302829691105927168     0.027790682611355768671934640679 -9.60896069641670180772052844986e-05
  0.00101061574415926141989885422845     -9.71561918186151984855314367451  9.32626286408166915720130418777e-05 -0.000195541735286158813167389780574    -0.043801174633065709240753449194
  -0.0140646415219309595112662236716  9.32626286387489011886486878211e-05     -9.64721061446058136823467066279   -0.0172484165067772199364526386489 -0.000504057464279561440179122655536
   0.0277906826113562890889774337211  -0.00019554173528715801388955242146   -0.0172484165067769562584842901742     -9.45700996569927632151575380703  -5.3772382460792744751643112977e-05
-9.60896069646249850748631615716e-05   -0.0438011746330658202630559117097 -0.000504057464279505929027891397709 -5.37723824590718990634741203394e-05     -9.31988035266406988910148356808
11
2     2
  -9.71651038498444030722112074727 -0.0434575224525908798689499690227
 -0.043457522452590768846647506507    -9.3204778208516199100586163695
5
8       5        9       6        10       5        11       2        7       2        5
11          11             10          10             9          9             8          8             7          7             
7
2     2
     1.00000000000000022204460492503 -5.62050406216485498589463531971e-16
 -4.8572257327350598643533885479e-16      1.00000000000000066613381477509
8
5     5
     1.00000000000000044408920985006 -2.07299455379228447782224975526e-16  2.84494650060196363483555614948e-16 -3.05311331771918048616498708725e-16  1.52655665885959024308249354362e-16
 -2.6194324487249787125620059669e-16      0.99999999999999922284388276239  3.81639164714897560770623385906e-17 -1.66533453693773481063544750214e-16  4.12864187282480088470038026571e-16
 1.90819582357448780385311692953e-16 -9.02056207507939689094200730324e-17      0.99999999999999922284388276239  -7.3552275381416620803065598011e-16  2.35922392732845764840021729469e-16
-3.81639164714897560770623385906e-16 -3.46944695195361418882384896278e-17 -7.49400541621980664785951375961e-16      0.99999999999999922284388276239 -3.46944695195361418882384896278e-16
 1.90819582357448780385311692953e-16  4.57966997657877072924748063087e-16  2.35922392732845764840021729469e-16 -3.33066907387546962127089500427e-16                                    1
9
6     6
     1.00000000000000066613381477509 -2.04912516533865829426730442719e-16 -2.57606436182555853520170785487e-16  3.10515502199848469899734482169e-16 -3.17454396103755698277382180095e-16  4.40619762898109001980628818274e-16
-8.76170880639848270732272794703e-17      1.00000000000000044408920985006 -2.42495368403539135471191912075e-16 -2.41722874355643213561961601954e-16  3.28486153208795705893408012344e-16 -1.67238185105889058945649594534e-17
-2.56739074444567449972964823246e-16 -5.02053368496568896972576112603e-17      1.00000000000000022204460492503  6.93889390390722837764769792557e-17  4.54497550705923458735924214125e-16 -1.80411241501587937818840146065e-16
 2.90566182226115188313997350633e-16 -2.02969422952864464448907710903e-16  8.67361737988403547205962240696e-17      1.00000000000000111022302462516  2.01227923213309622951783239841e-16  3.33066907387546962127089500427e-16
-4.05925293378572860092390328646e-16   3.7387356665447013526204500522e-16  5.41233724504763813456520438194e-16  1.59594559789866252685897052288e-16      1.00000000000000066613381477509  5.68989300120392726967111229897e-16
 4.52762827229946651641512289643e-16   4.6078592330633938445316744037e-17 -9.02056207507939689094200730324e-17  2.98372437868010820238851010799e-16  5.41233724504763813456520438194e-16      1.00000000000000044408920985006
10
5     5
     1.00000000000000111022302462516  7.24247051220316961916978470981e-17 -9.40003283544932344284461578354e-16 -1.63497687610814068648323882371e-16  4.25007251614317738130921497941e-17
 1.07552855510562039853539317846e-16     0.999999999999999555910790149937  1.17961196366422882420010864735e-16  2.87964097012149977672379463911e-16  1.52655665885959024308249354362e-16
-9.19837123136701961811922956258e-16 -1.21430643318376496608834713697e-17      1.00000000000000044408920985006  1.03216046820620022117509506643e-15  2.35922392732845764840021729469e-16
-1.21864324187370698382437694818e-16  2.01227923213309622951783239841e-16   8.7256590841633396848919801414e-16      1.00000000000000111022302462516 -2.56739074444567449972964823246e-16
 -1.1275702593849246113677509129e-16  5.55111512312578270211815834045e-17  1.63064006741819866874720901251e-16 -2.22044604925031308084726333618e-16      1.00000000000000088817841970013
11
2     2
    0.999999999999999888977697537484 -1.90819582357448780385311692953e-16
 2.08166817117216851329430937767e-17      1.00000000000000133226762955019
5
8       5        9       6        10       5        11       2        7       2        4
10          11             9          10             8          9             7          8             
7
5     2
  -0.6046223979324917285893548069 -0.506261982709255264900605197909
 -0.79826717214651266019131981011 -0.155818469548305554850387011356
-0.856902787585829051053565308393  0.305745259541409630799080332508
 0.218280802246087618501135807492 -0.880975653917540402204622296267
 0.164262614625717423555428808868  0.773577666022816634594505558198
8
6     5
   0.947393404408740313904502272635     0.42743560826247833928093200484   -0.295335028885386430275161728787   -0.190488378532953611665945459208   -0.356865551039989681303410407054
  -0.878448606790226627083484345349   0.0020894703373726714219771327663   -0.463473444573102910659656572534   -0.544325559329926877971672638523 0.000979850237094625608341713629557
    0.24597801263126375936884926432    -0.97338285800009693993217751995    0.356079554001834164278506023038  -0.0964484893346260196977937084739    0.194452029882929450232964541101
  -0.291786477422303458517660601501    0.602294515556380694043525636516     0.28009893575089273021205826808    0.782506277033314101565508735803    0.216771426911798181791368733684
  -0.193128148062934656969957813999    -0.15478648837196024024009943787    0.774662475643789760759716500615    0.294515810167204294955922705412   -0.625046198181735679355597312679
   0.207357930335212381489640165455   -0.202297369022000239624503592495   -0.121019668328236587595547746332    0.354144597824267881591708828637     0.94964433536370773669688105656
9
5     6
  0.947482338436956283977963266807   0.878487277952968659278099039511  -0.246599551219135237900559332047  -0.293522572184322039223758338267  -0.191828856459823948732434928388  -0.205459616580702220112186751066
 -0.426437370395194415007011912166 0.00020509105669804308935688652582  -0.972487154129042741246280456835  -0.608949935187439117534324850567    0.16076267271237357214808127992  -0.195715699883605875886161129529
  0.291645265914810380980526360872  -0.462406367435139076249583922618   0.349575167925944951807792904219  -0.279793591840908406620513915186  -0.780449268795621708960652540554  -0.125230451879363324785288114072
 -0.192525180009607999043197423816   0.543775894396057113411302452732  0.0911953338140713137827120249312   0.777655038911265306111886275175   0.295960543963700750680345663568  -0.361002082944506530459705118119
  0.358493462946317453798883434501 -0.0017487626309483361719543381696   0.201127221343452844415367053443  -0.211125529823770419213246896106   0.618651932982263619287266465108   0.950777839208923003511131355481
10
2     5
 0.603235464122620190785539762146 -0.795856175748744232301135070884 -0.860002190771977259586833497451 -0.222350301216827361816541497319  0.158956369751176218585442256881
-0.506238906389931520024560995807  0.161438707023003752416556721982 -0.300096950782995419704235473546 -0.879532364303331926080886660202 -0.776363873419912642326323748421
5
8       5        9       6        10       5        11       2        7       2        4
11          10             10          9             9          8             8          7             
8
2     5
-0.604622397932491617567052344384 -0.798267172146512549169017347594 -0.856902787585829051053565308393  0.218280802246087562989984576234  0.164262614625717395799853193239
-0.506261982709255375922907660424 -0.155818469548305554850387011356  0.305745259541409353243324176219 -0.880975653917540180160017371236  0.773577666022816745616808020714
9
5     6
   0.947393404408740869016014585213    -0.87844860679022684912808927038    0.245978012631263787124424879948   -0.291786477422303680562265526532   -0.193128148062934518192079735854    0.207357930335212270467337702939
   0.427435608262478228258629542324   0.0020894703373726952744249274474   -0.973382858000097050954479982465    0.602294515556380805065828099032   -0.154786488371960351262401900385   -0.202297369022000211868927976866
  -0.295335028885386263741708035013   -0.463473444573102910659656572534    0.356079554001834330811959716812    0.280098935750892674700907036822    0.774662475643789760759716500615   -0.121019668328236504328820899445
  -0.190488378532953750443823537353   -0.544325559329926766949370176008  -0.0964484893346260613311571319173    0.782506277033314101565508735803     0.29451581016720435046707393667    0.354144597824267770569406366121
   -0.35686555103998979232571286957 0.000979850237094653797598198252672    0.194452029882929339210662078585    0.216771426911798181791368733684   -0.625046198181735679355597312679     0.94964433536370773669688105656
10
6     5
   0.947482338436956283977963266807   -0.426437370395194415007011912166    0.291645265914810658536282517161   -0.192525180009608054554348655074    0.358493462946317509310034665759
   0.878487277952968659278099039511 0.000205091056697947815090979362118   -0.462406367435139131760735153875    0.543775894396057002388999990217 -0.00174876263094839905568034232886
  -0.246599551219135099122681253903   -0.972487154129042741246280456835    0.349575167925945118341246597993   0.0911953338140713137827120249312    0.201127221343452788904215822186
  -0.293522572184321872690304644493   -0.608949935187439006512022388051   -0.279793591840908462131665146444     0.77765503891126519508958381266   -0.211125529823770363702095664848
  -0.191828856459824059754737390904    0.160762672712373516636930048662   -0.780449268795621597938350078039    0.295960543963700584146891969795    0.618651932982263508264964002592
  -0.205459616580702275623337982324   -0.195715699883605653841556204497   -0.125230451879363435807590576587   -0.361002082944506585970856349377    0.950777839208923225555736280512
11
5     2
 0.603235464122620301807842224662 -0.506238906389931520024560995807
  -0.7958561757487443433234375334  0.161438707023003641394254259467
-0.860002190771977481631438422482 -0.300096950782995586237689167319
-0.222350301216827500594419575464 -0.879532364303332148125491585233
  0.15895636975117599654083733185 -0.776363873419912753348626210936
5
8       5        9       6        10       5        11       2        7       2        5
11          11             10          10             9          9             8          8             7          7             
7
2     2
-0.794823908264870815365554790333 -0.161850946170524201406237807532
-0.161850946170524201406237807532 -0.775260719408490839299474828294
8
5     5
-0.669287279071852925227403829922  0.302058768407468536398852165803  0.205511859050937134574255082953  0.138402073970488648235743767145 -0.253518724774401016386349283493
 0.302058768407468480887700934545 -0.394154599657022097769498714115  0.433481157560182961407946322652 -0.113966816606134627165580752717  0.082562416984399353281354194678
 0.205511859050937051307528236066  0.433481157560183072430248785167 -0.199350267274849834997496600408 -0.549153269855529591048082238558  0.150156239728723495119311337476
 0.138402073970488675991319382774 -0.113966816606134696554519791789 -0.549153269855529702070384701074  -0.20944767937699643178817154876  -0.43714637757248109295460380963
-0.253518724774401071897500514751 0.0825624169843993949147176181214  0.150156239728723495119311337476 -0.437146377572481148465755040888 -0.389427458267421644499961530528
9
6     6
 0.000397943196657570864849251535134     -0.62114800804702452463601503041    -0.348912665560889900806529340116   -0.0015519472516759762019400437083  0.000935464562180549075165458816628    -0.292016021177764761862505338286
   -0.621148008047024413613712567894  0.000715668029700145913278575005023   -0.0007751931455299595867536321947    -0.328042887381645553723785724287    -0.384385362667347463272449203942   0.00112218485269593580729019510756
   -0.348912665560890011828831802632 -0.000775193145529963489881453142516   0.00161336635146316822314593864007    -0.495878270303275303643175675461     0.129190882538840118298750780923 -0.000411516721043041905359061161107
 -0.00155194725167601826898433614588    -0.328042887381645664746088186803    -0.495878270303275470176629369234  0.000122359834198431521867789228963 -0.000871309515031358505776637457529     0.174243554270317291265968151492
 0.000935464562180590708528882259998    -0.384385362667347463272449203942     0.129190882538840062787599549665 -0.000871309515031337689094925735844 -0.000931519793385904293359089933801    -0.507761468415110606144935445627
   -0.292016021177764817373656569544   0.00112218485269587053831941148019 -0.000411516721042988128931305880087     0.174243554270317235754816920235    -0.507761468415110495122632983112  -0.00135421714951039495744566920621
10
5     5
  0.670209347575805969299267417227   0.302093075694526591590260977682   0.207280821883723348486583404338  -0.137017771760300693939527150178  -0.252352949317512953442133039061
  0.302093075694526536079109746424   0.396708814474069138000800194277  -0.430263049201580149993873192216  -0.111726699560577291681084943775 -0.0817548210973274708246449904436
  0.207280821883723403997734635595  -0.430263049201580205505024423474   0.199010121088908364939129569393  -0.548131565252943375732286312996   -0.15133430657470606228720555464
 -0.137017771760300721695102765807  -0.111726699560577333314448367219  -0.548131565252943375732286312996   0.209640590241171181906665310635  -0.440958922038118039665732794674
 -0.252352949317513064464435501577 -0.0817548210973274847024327982581  -0.151334306574706201065083632784  -0.440958922038118039665732794674   0.387640754767649753365077458511
11
2     2
 0.794925571133786923461173046235 -0.161174610269395723882723814313
-0.161174610269395668371572583055  0.776258678166061866221525633591
5
8       5        9       6        10       5        11       2        7       2        4
10          11             9          10             8          9             7          8             
7
5     2
-0.618023123338757640610197086062  0.502466987896605821184436990734
-0.802664573797766567331279929931  0.147530401658935966802133066267
 0.856655579904723296635893348139  0.294402569076264164493750286056
 0.265394669049575648855920917413  0.902919287248395985301385735511
-0.154907944945985170948077325193  0.791675167954399516823116300657
8
6     5
   0.949551750850637810152932161145    0.438110941843862733424685984573    0.313264960299878214566859924162   -0.176721018756756248491157634817    0.353981599681043257454859940481
   0.876720274217122508275679138023 -0.00468902814715879776713558513279   -0.484505387505788420732244503597    0.535955046731981576968451008725   0.0017978741692257626128698122514
   0.250713050302256990065075115126   -0.984405909349865604340834579489   -0.349751518889298340653226659924   -0.114237920440547591205415756122   -0.183684682058071785393238428696
   0.311995353656073393100456314642   -0.599992783677242735862478184572    0.343615823051011182176495140084   -0.792238514951271177721991989529    0.208379572523860162602815648825
  -0.179470539806246998093541833441   -0.190741952503903799964746212936   -0.784219747889193241618954743899    0.239591407432345804284778978399    0.641430790591215216345233329776
  -0.205837705878188198527212193767    0.190130127941619875286960450467   -0.117638320497742643322425237784   -0.365347057588481072265551574674    0.969442866831225491530688032071
9
5     6
    0.949290788775926763776169536868    -0.877133084213985059207630001765    -0.252374353343078117184461461875     0.312728843454799787515696607443    -0.178124356562275265591921424857     0.203824094079020690095660484076
   -0.436499477508188404861755316233  -0.00106129831152585200546023536106    -0.984683563831673436261837650818     0.603725183643766261099017356173     0.193737428199111688664757480183     0.184831880186067637472646651986
   -0.311677758473134225436496080874    -0.484263171174589557299583475469    -0.345346159775041683381857637869    -0.343990069105910789559743534483     0.791012668431097631938087033632    -0.120176861179852406680268472883
   -0.178523356646818620596661730815    -0.534567611216991478428894879471     0.112205195794452081137215770923    -0.786420630804660625301494292216     0.239628147516282030693446358782     0.372335517390193437847756285919
   -0.355291143468820624917725581327 -0.000909961503126263454230282512469    -0.188674837066275274954918472758    -0.204343002712934013187506820941    -0.635261974871218049187859833182     0.970375744384858296420759415923
10
2     5
 0.617646036049423585723161522765 -0.803481971443348874650780544471  0.855895268937990061353104920272 -0.269197677100110999148796508962 -0.150361261941971025013486951138
 0.501230975147075374920291324088 -0.151351492137562326778521537562 -0.289338610292028619586091053861  0.902542573579350415613475888676 -0.793924747762589699817681321292
5
8       5        9       6        10       5        11       2        7       2        4
11          10             10          9             9          8             8          7             
8
2     5
-0.618023123338757418565592161031 -0.802664573797766456308977467415  0.856655579904723074591288423107  0.265394669049575537833618454897  -0.15490794494598522645922855645
 0.502466987896605710162134528218  0.147530401658935966802133066267  0.294402569076264164493750286056  0.902919287248396096323688198027  0.791675167954399627845418763172
9
5     6
   0.949551750850638032197537086176    0.876720274217122397253376675508    0.250713050302256990065075115126    0.311995353656073282078153852126   -0.179470539806246998093541833441   -0.205837705878188281793939040654
   0.438110941843862788935837215831 -0.00468902814715879343032689519077   -0.984405909349865604340834579489   -0.599992783677242735862478184572   -0.190741952503903744453594981678    0.190130127941619986309262912982
   0.313264960299878325589162386677   -0.484505387505788309709942041081    -0.34975151888929845167552912244    0.343615823051011237687646371342   -0.784219747889193352641257206415   -0.117638320497742546177910583083
  -0.176721018756756248491157634817    0.535955046731981576968451008725   -0.114237920440547563449840140493   -0.792238514951271066699689527013    0.239591407432345693262476515883   -0.365347057588481127776702805932
   0.353981599681043312966011171739  0.00179787416922579101896673137162   -0.183684682058071813148814044325    0.208379572523860162602815648825     0.64143079059121510532293086726    0.969442866831225380508385569556
10
6     5
    0.949290788775926652753867074352    -0.436499477508188349350604084975    -0.311677758473134225436496080874    -0.178523356646818676107812962073    -0.355291143468820624917725581327
   -0.877133084213985059207630001765  -0.00106129831152579671114943860033    -0.484263171174589557299583475469    -0.534567611216991478428894879471 -0.000909961503126202955749057821322
   -0.252374353343078117184461461875    -0.984683563831673325239535188302    -0.345346159775041683381857637869     0.112205195794452053381640155294    -0.188674837066275358221645319645
    0.312728843454799732004545376185     0.603725183643766372121319818689    -0.343990069105910789559743534483    -0.786420630804660514279191829701    -0.204343002712933846654053127168
   -0.178124356562275293347497040486     0.193737428199111605398030633296     0.791012668431097742960389496147     0.239628147516282197226900052556    -0.635261974871218049187859833182
    0.203824094079020606828933637189     0.184831880186067609717071036357    -0.120176861179852503824783127584     0.372335517390193548870058748435     0.970375744384858296420759415923
11
5     2
 0.617646036049423585723161522765  0.501230975147075485942593786604
-0.803481971443348985673083006986  -0.15135149213756238228967276882
 0.855895268937990172375407382788 -0.289338610292028508563788591346
-0.269197677100110999148796508962  0.902542573579350637658080813708
-0.150361261941971163791365029283 -0.793924747762589810839983783808
5
8       5        9       6        10       5        11       2        7       2        5
11          11             10          10             9          9             8          8             7          7             
7
2     2
-0.803413394595451468838120945293  0.152509390129664912372220442194
 0.152509390129664829105493595307 -0.791747879274723898035404090479
8
5     5
 -0.670645022594406170490799468098   0.307591313467193927522203011904  -0.221369551451296858735062755841    0.12795772385369932888643518254   0.252054802381679876610576229723
  0.307591313467193983033354243162  -0.402548637584212165574371056209  -0.430438223417564103101540240459  -0.134880750107878977228637040753 -0.0773638069720115895133716321652
 -0.221369551451296775468335908954  -0.430438223417564047590389009201  -0.239346050285007744262699702631   0.556468452596443952096194607293   0.146043182091236178887783125901
  0.127957723853699412153162029426  -0.134880750107879032739788272011   0.556468452596443841073892144777  -0.172018363964567572166330933214   0.449018357193458672593777691873
  0.252054802381679876610576229723 -0.0773638069720115340022204009074   0.146043182091236178887783125901   0.449018357193458672593777691873  -0.396264453317227705042569141369
9
6     6
 0.000620791736561103328108368604177     0.619956797121968938846237051621    -0.356564677037975563678173784865  0.000811519510119989781471439016514   0.00105287641584063569599738485749     0.290008587122359495769075010685
    0.619956797121968938846237051621  0.000444525392651196635338678442295   0.00145424689885704410199918079627    -0.342118854849283671182291755031     0.379188379852737900144177274342    0.0011041842197212880637841037057
   -0.356564677037975508167022553607   0.00145424689885704193359483582526 -0.000155876457448033550745591924169     0.493817023292568046954897909018     0.155358959096423665524611124056  7.56879736590193585854535740509e-05
 0.000811519510119997587727080912146    -0.342118854849283671182291755031     0.493817023292568102466049140276   0.00188826306946569474898289797693   0.00112602520737301731168500396052     0.168959533872443251611983328075
  0.00105287641584065824740257255598     0.379188379852738011166479736858     0.155358959096423665524611124056   0.00112602520737297567832158051715 -0.000990281382354671335654927588621     0.520686702779770138604931162263
    0.290008587122359495769075010685   0.00110418421972126746394282648112  7.56879736590262974793574812793e-05     0.168959533872443223856407712447     0.520686702779770138604931162263  -0.00135139341473400342863442347152
10
5     5
 0.671516461324474067673406807444  0.308541804031858379886443799478 -0.222323733210562285433908868981 -0.126151592905093590246679013944  0.250515685389021192097658286002
 0.308541804031858213352990105705  0.402416572251664883541621975382  0.427508971793309544562333712747 -0.134656103278833011449577838903 0.0770794539982032067548800569057
-0.222323733210562257678333253352  0.427508971793309544562333712747  0.243793752732527624349501138568  0.554943805818590485401387013553 -0.146327523186186941872577449431
-0.126151592905093534735527782686 -0.134656103278833122471880301418  0.554943805818590485401387013553  0.170061267368140339728554977228   0.45318122289935902635704678687
 0.250515685389021136586507054744 0.0770794539982031234881532100189 -0.146327523186187025139304296317  0.453181222899359137379349249386  0.394334147663908507475127862563
11
2     2
0.804097015332055020664370204031 0.151855074765323838636987829886
0.151855074765324032926017139289 0.792064041575513355653015423741
