13
5
7       5        6       2        9       5        10       2        8       6        5
10          10             9          9             8          8             7          7             6          6             
6
2     2
  -8.36407564610023968043606146239 -0.0257153766286797036411115868759
-0.0257153766286788432182675023796   -7.88085780604559893447458307492
7
5     5
    -9.81692684884554189750360819744 -0.000889740119168027851492830393454   -0.0544181248107855827789158809082    0.0197345077747291021419417944571  0.000264900413015613234168910139488
-0.000889740119167918563913843854607     -8.36358336719750106169612990925 -0.000295320119596473307232997740357  0.000327152475427888722592228987196   -0.0265394477948278639800605560595
  -0.0544181248107835774385776517192 -0.000295320119595487984298642913927     -8.16272815014134067723716725595   -0.0395487685403136390860368010181 -0.000114903864436965985618144259206
   0.0197345077747309791127428013624  0.000327152475430178557580518372561   -0.0395487685403134309192196838012     -8.12736445920539551934780320153 -0.000812996250914244100727046316024
 0.000264900413017410407690022111638   -0.0265394477948275864243043997703 -0.000114903864436716185437603598984 -0.000812996250914910234541821409948      -7.8808655184907259183546557324
8
6     6
    -10.0038885467401321704983274685  -0.00195325991131997233479777875687  1.54226557351190790654676954219e-05 -0.000604130214841568286866790860046  0.000390792729036706324319966343595  9.09229911618325212230296017424e-06
 -0.00195325991131932224717515644841     -9.81684904429470428510740021011  -0.00107554499944532630517635141132   -0.0543445344150961309748204541847   -0.0190479174707136739153057192198 -7.14219442831121043013808957767e-05
 1.54226557359168079189282174468e-05  -0.00107554499944496895214030018906     -8.36339081656986138568754540756 -0.000204348440577678536200778580678  -0.00015208557615586926203832263127    0.0273077050950698008158212815033
-0.000604130214842449092711718083848   -0.0543445344150951248352043876366 -0.000204348440576151979541918990435     -8.16194246426003111594127403805    0.0398302374569676209681290401932  0.000410027806890977952747334711603
 0.000390792729037886098913956445244    -0.019047917470713743304244758292 -0.000152085576156729684882407127589    0.0398302374569677875015827339666     -8.12793986623036879279879940441  -0.00134952035489704913473474334751
 9.09229911687692467225918591112e-06 -7.14219442823071926085276572849e-05    0.0273077050950684130370405000576  0.000410027806891422041957184774219  -0.00134952035489710464588597460533     -7.88098684556816486690422607353
9
5     5
    -9.81695998367540312301571248099 -0.000967171189804143932589042265136   -0.0542748711221925916881048124196   -0.0186525553846582786698959921523  0.000139370389489731905108271803329
-0.000967171189802634723164942442963     -8.36350336304929520281348231947 -5.75064565949690020829621062148e-05  5.84453292803988055936770251719e-05    0.0280130223011632040197582682595
  -0.0542748711221934521109488969159 -5.75064565936367344534119183663e-05     -8.16299510601582589686131541384    0.0401486666537957948008852326893  0.000602376504218238295607079635374
  -0.0186525553846576819250202561307  5.84453292797326717789019312477e-05    0.0401486666537966829793049328146     -8.12694468423558902259173919447  -0.00153199512726864828238149129902
 0.000139370389489495982715538957564    0.0280130223011635648422412714353  0.000602376504218959940573085987126   -0.0015319951272682041931716412364     -7.88121772475335014007669087732
10
2     2
   -8.363915297604648912965785712 0.0286591949851153771078315912746
0.0286591949851179306207882291346  -7.88154726838885544282220507739
5
7       5        8       6        9       5        10       2        6       2        5
10          10             9          9             8          8             7          7             6          6             
6
2     2
     1.00000000000000044408920985006 -2.22044604925031308084726333618e-16
-2.56739074444567449972964823246e-16      1.00000000000000044408920985006
7
5     5
     1.00000000000000022204460492503 -4.02022165557625044129963498563e-16 -2.14672030152129877933475654572e-16  3.07046055247894855710910633206e-16 -7.19910242530374944180948659778e-17
-2.92734586571086197182012256235e-16      0.99999999999999922284388276239 -1.23165366794353303703246638179e-16 -2.37657116208822571934433653951e-16 -1.94289029309402394574135541916e-16
-1.42247325030098181741777807474e-16 -1.42247325030098181741777807474e-16     0.999999999999999666933092612453 -4.57966997657877072924748063087e-16 -5.41233724504763813456520438194e-16
 2.41126563160776186123257502913e-16  -1.8735013540549516619648784399e-16 -6.07153216591882483044173568487e-16      0.99999999999999922284388276239  3.46944695195361418882384896278e-16
 4.16333634234433702658861875534e-17 -1.73472347597680709441192448139e-16 -5.27355936696949356701225042343e-16  3.19189119579732505371794104576e-16      1.00000000000000044408920985006
8
6     6
     1.00000000000000111022302462516 -2.88728120730573356578219090807e-16  4.80809782179431044468742584286e-16  5.34105095220671621802921436029e-17 -2.32358078090799669013222228386e-16 -2.93629053363386738340068404796e-16
-2.60913252808636642043893516529e-16      1.00000000000000066613381477509  1.60461921527854656233103014529e-16  7.02563007770606873236829414964e-17 -2.10768902331182061971048824489e-16  1.30104260698260532080894336104e-16
 3.53829378990644372038332221564e-16  2.63244287479480476577009540051e-16     0.999999999999999777955395074969  1.63064006741819866874720901251e-16  2.91433543964103591861203312874e-16  1.04083408558608425664715468884e-15
 9.30787565078805556595398229547e-17  5.89805981832114412100054323673e-17  1.31838984174237339175306260586e-16      1.00000000000000088817841970013  8.74300631892310775583609938622e-16 -8.32667268468867405317723751068e-17
-1.42335416456612628977040913014e-16  -3.9898639947466563171474263072e-16  3.26128013483639733749441802502e-16  7.28583859910258979653008282185e-16      1.00000000000000155431223447522  2.42861286636752993217669427395e-16
-2.89319349727756858214888779912e-16  1.47451495458028603025013580918e-16  9.29811783123568602604791522026e-16 -9.71445146547011972870677709579e-17  1.73472347597680709441192448139e-16      1.00000000000000133226762955019
9
5     5
                                   1  2.96637714392034013144439086318e-16 -1.45716771982051795930601656437e-16   1.3704315460216776045854203403e-16 -2.70616862252381906728260219097e-16
 2.87964097012149977672379463911e-16                                    1 -2.15105711021124079707078635693e-16  3.81639164714897560770623385906e-16  5.68989300120392726967111229897e-16
-1.92554305833425587479723617435e-16 -1.14491749414469268231187015772e-16      1.00000000000000088817841970013  7.63278329429795121541246771812e-16  3.19189119579732505371794104576e-16
 1.43982048506074988836189731956e-16  2.15105711021124079707078635693e-16  8.32667268468867405317723751068e-16      1.00000000000000199840144432528  5.55111512312578270211815834045e-17
-3.46944695195361418882384896278e-16   5.4817261840867104183416813612e-16  3.74700270810990332392975687981e-16  1.38777878078144567552953958511e-17      1.00000000000000088817841970013
10
2     2
    1.00000000000000044408920985006 2.56739074444567449972964823246e-16
2.15105711021124079707078635693e-16     1.00000000000000111022302462516
5
7       5        8       6        9       5        10       2        6       2        4
9          10             8          9             7          8             6          7             
6
5     2
 0.672076482391311014197299300577  0.546209817737407177240527289541
-0.819437973815853148984444942471 -0.134268213436313926800735885081
 0.804302414239552510011321828642 -0.395856655816744784637251086679
-0.260392364868686609913339680134  0.807169041173570800395964397467
-0.142848428537905580704148178484 -0.815285021828191291959342379414
7
6     5
 -0.969390609071142383967867317551 0.00416799254800638563356329768794   -0.34716913264997867338834680595  -0.512285666738344080961553572706 0.00192705858603686242327968081156
  0.854677236144967711339859306463  -0.474135197643650085908006985846  -0.287929421757679548932173929643  -0.163992561612211262822569324271  -0.387599202379822205255521794243
  0.273419855847683523908386860057    1.00085043907173365518303853605   0.330482867335757379834149105591  -0.114174773573092913636628509266   0.166878524937173838837978223637
 -0.281022418074042545921287228339  -0.566790065535979437072455766611   0.259350560896298043545016298594   0.803114742442045059789279548568   0.282606525540858022349510747517
  0.162191184213505756872564234072  -0.186609646631111375514322503477  -0.803580215669349340323890373838  -0.446263840551404222800613297295   0.573251736469335360091292841389
 -0.222433405250589105728309391452   -0.17466186472154068831663664696   0.152117629116887254081547098394   -0.32372129806334143387047674878   -1.00312665204713336031261405878
8
5     6
   0.948187383834775188162780068524    0.877995435661594325615908473992   -0.272554022297900044868868008052   -0.282679790453823243101538764677    0.158958677229146333464981921679     0.22494525120229175163544255156
-0.00795192350127780535340438206049    0.473202432293107932981257590654    0.999724184620621292296505089325    0.569829646306446613301943671104     0.19326454183764546490564839587   -0.167666145489370255194927494813
   0.356213478189087828784664679915   -0.277986885838652053593023083522    -0.32856813597296419260374022997    0.263982018104073568043332898014   -0.803311443533266222871702666453   -0.163992640506755854579168385499
  -0.514077530941573157541313321417    0.154752823992653637530381161014   -0.110775678941136726529670397667   -0.806108627197909211048454380943    0.440079027092988850355936847336   -0.332325665459191843531527865707
0.000514389272706874088603168360123   -0.386694970211725108644174042638   -0.172706873298908492042613715967    0.268419770112418465402015499421    0.562038967686061097239758055366     1.00858433904731348285110925644
9
2     5
 0.667433731564099463895445296657  0.816639279024629072267771334737  0.808269703760350122223599100835  0.270946593741170194125089665249 -0.136172410687244532789819118079
-0.549760520065195046335304596141 -0.138048575077110380338041295545  0.385055286470409208199328077171  0.796170160644455671139496644173  0.828746490035236593740819444065
5
7       5        8       6        9       5        10       2        6       2        4
10          9             9          8             8          7             7          6             
7
2     5
 0.672076482391311014197299300577 -0.819437973815853260006747404987  0.804302414239552398989019366127  -0.26039236486868644337988598636 -0.142848428537905580704148178484
  0.54620981773740695519592236451 -0.134268213436313899045160269452 -0.395856655816744951170704780452  0.807169041173570800395964397467  -0.81528502182819140298164484193
8
5     6
 -0.969390609071142272945564855036   0.854677236144967711339859306463     0.2734198558476834683972356288  -0.281022418074042545921287228339   0.162191184213505895650442312217  -0.222433405250589216750611853968
0.00416799254800627981543126310271  -0.474135197643650030396855754589    1.00085043907173365518303853605  -0.566790065535979548094758229126  -0.186609646631111458781049350364  -0.174661864721540743827787878217
 -0.347169132649978728899498037208  -0.287929421757679548932173929643   0.330482867335757435345300336849    0.25935056089629815456731876111  -0.803580215669349118279285448807   0.152117629116887087548093404621
 -0.512285666738343969939251110191  -0.163992561612211346089296171158  -0.114174773573092983025567548339   0.803114742442045059789279548568  -0.446263840551404111778310834779  -0.323721298063341544892779211295
0.00192705858603692443964394698241  -0.387599202379822149744370562985    0.16687852493717375557125137675   0.282606525540857855816057053744   0.573251736469335471113595303905   -1.00312665204713336031261405878
9
6     5
   0.948187383834775299185082531039  -0.0079519235012776127990985486349    0.356213478189087884295815911173   -0.514077530941573046519010858901 0.000514389272706851970878849655833
   0.877995435661594658682815861539    0.473202432293107932981257590654   -0.277986885838652164615325546038    0.154752823992653582019229929756   -0.386694970211725164155325273896
   -0.27255402229790010038001923931    0.999724184620621292296505089325   -0.328568135972964248114891461228   -0.110775678941136684896306974224   -0.172706873298908436531462484709
  -0.282679790453823187590387533419    0.569829646306446835346548596135    0.263982018104073512532181666757   -0.806108627197909100026151918428    0.268419770112418576424317961937
   0.158958677229146472242859999824    0.193264541837645409394497164612   -0.803311443533266000827097741421    0.440079027092988850355936847336    0.562038967686061097239758055366
    0.22494525120229175163544255156   -0.167666145489370310706078726071    -0.16399264050675582682359276987   -0.332325665459191954553830328223     1.00858433904731326080650433141
10
5     2
 0.667433731564099685940050221689 -0.549760520065194935313002133626
 0.816639279024628961245468872221 -0.138048575077110213804587601771
 0.808269703760350122223599100835  0.385055286470409208199328077171
 0.270946593741170027591635971476  0.796170160644455671139496644173
-0.136172410687244616056545964966  0.828746490035236482718516981549
5
7       5        8       6        9       5        10       2        6       2        5
10          10             9          9             8          8             7          7             6          6             
6
2     2
-0.817727042132102233118473577633 -0.139255980742350488066350067129
-0.139255980742350432555198835871 -0.820075652335997773434428381734
7
5     5
 -0.611948340909135635179438850173  -0.335392563171536428612284908013   0.198658216567509260386259484221   0.116423446877002317867422220843  -0.273184115382076930789168045521
 -0.335392563171536484123436139271  -0.406827959978281306074876511047  -0.405218692905870814247037969835   0.134149435924522553165161298239 -0.0700704509679286602352732415966
   0.19865821656750928814183509985  -0.405218692905870869758189201093  -0.183612890911440673757937247501  -0.568483164720755995702461405017   0.192767359449568354001769421302
  0.116423446877002290111846605214   0.134149435924522608676312529496  -0.568483164720755995702461405017  -0.311782720927176071334940843371  -0.399100187084525659386713414278
 -0.273184115382076986300319276779 -0.0700704509679285769685463947098   0.192767359449568465024071883818  -0.399100187084525714897864645536   -0.41560206700156115955380187188
8
6     6
   0.0168732128175468412689674835292    -0.677604561557684226258402304666   0.00494815516989926228175189493186    -0.248107894420795782597366496702     0.363519562813172769644154413982  -0.00101172971365816105268620184177
    -0.67760456155768411523609984215   -0.0158859786759476956374825817875    -0.386679441017197589314235983693  -0.00373276170139529277908208015901   0.00212056889977395562202344692082     0.316598112443113255398685623732
  0.00494815516989919376017459384798    -0.386679441017197589314235983693   0.00115339405040772342847521514386    -0.466057611987684639043294509975    -0.154079698906458173457423299624 -0.000655390630011173924707179594407
   -0.248107894420795727086215265444  -0.00373276170139530665686988797347    -0.466057611987684694554445741232  -0.00117163043209858597215600184427   0.00246628396363456070528030750211    -0.225720285939425585608475444133
    0.363519562813172769644154413982   0.00212056889977392179491566537308    -0.154079698906458090190696452737   0.00246628396363451213302298015151    0.0072535343457949541523532843712     -0.46237484921090588052550174325
  -0.0010117297136581931450705074127     0.316598112443113366420988086247 -0.000655390630011229435858410852234    -0.225720285939425530097324212875    -0.462374849210905769503199280734  -0.00771962658414437896681192796677
9
5     5
  0.613139461503530380781512576505   -0.33370128425272682637370280645  -0.200289010521475296933147092204   0.111777502776949907992154464864   0.275625135746744465148339031657
  -0.33370128425272682637370280645   0.408221422935458544412057335649  -0.405029606707112410646232092404   -0.13469438125045912757471455734 -0.0709025059518822164950080377821
 -0.200289010521475324688722707833   -0.40502960670711224411277839863   0.187766831286461627348316483221  -0.565476055577333380774973647931  -0.197365684332262647515676690091
  0.111777502776949977381093503936  -0.134694381250459210841441404227  -0.565476055577333380774973647931   0.317667248631720022800095648563  -0.401565680959764526036792631203
  0.275625135746744465148339031657 -0.0709025059518822164950080377821  -0.197365684332262592004525458833  -0.401565680959764526036792631203    0.40458443603954663547739301066
10
2     2
 0.816300552501336484922944691789 -0.138616200911236442383511757726
-0.138616200911236442383511757726  0.822508207153804238309646734706
5
7       5        8       6        9       5        10       2        6       2        4
9          10             8          9             7          8             6          7             
6
5     2
-0.669014670578000347767044786451  0.531861305091316793891564884689
-0.817224834954325740632441466005  0.141998582776715481790219541836
-0.736941960047543975775852231891 -0.292743587385795200894733625319
-0.343952210846748374084569377374 -0.819578996809237292353600423667
 0.139755613202695111452200649182 -0.804287895767087035459041999275
7
6     5
   0.945789121766505314070627719047 -0.00763839309781345898731075294563    0.418391605639310215636328393884   -0.445338999559693027308071577863  0.00148513709364818521571627307765
   0.878615444778458432040224579396    0.474467338602638843969572235437   -0.287364703647757402382723057599    0.128280563058239760465539802681   -0.374115244210373454336604481796
  -0.273422413322564894500033005897     1.00043801038204027697986475687    -0.29917518330895093159327302601   -0.140277327869737844512343372116   -0.176745517027431520151736776825
  -0.293079952445444935626994720224    0.518454172090250797744204191986    0.493469956232566731024746786716   -0.799928089503345263189260094805    0.202832180096990111195509598474
  -0.130992042596053848146908649142   -0.246764843257703675449832303457    0.795564600771422991698500482016   -0.240719902118372769406207112297   -0.577231099718134244014322575822
  -0.217520884992975893634792328157    0.171420337567276342971567260065    0.125758692435425978306540173435    0.340071483328613921592875612987   -0.981217237206650660930051799369
8
5     6
  -0.96700850318042119724282201787   0.855341852907734012667617662373   0.274178619528184286391336854649  -0.291875322225097932893334018445  -0.134696362699501720472383681226   0.214979658273896256925894476808
0.00418881839156056215434098533024  -0.475442683114176700698294553149    1.00166600494463908788134176575  -0.515731861569122873589776645531   0.239103612017951910884150379388   0.178402542285305276692497500335
 -0.409444113882172333607201153427  -0.298394237415046781336513959104   0.301236243017893146056707109892   0.488848308581531720840018806484   0.796838029136752390435560755577  -0.114844609553567539306229150498
  -0.44442718780354650842667751931   -0.13544383984849139856976307783  -0.144420872534938904419021810099   0.798967436127636321252509787882    0.24709905472140472615372175369   0.330086256641550057633338610685
0.00106134190224826951975956035312  -0.375026588904581736905186062359   0.170546566020560230736435869403   0.215612170453584411911052143296  -0.590034677704394772135287894343   0.975793174585957490130283531471
9
2     5
-0.673535957814559771428264411952   0.82025830218158546358608873561  -0.73410630514362051890486782213  0.332508958311364677395971511942   0.14609885877932199393924861397
 -0.52821684896804477205023431452   0.13763612711440426084053001432  0.301992647782161560687796963975 -0.831510986667191476229277213861  0.790940717137807336456489792909
5
7       5        8       6        9       5        10       2        6       2        4
10          9             9          8             8          7             7          6             
7
2     5
-0.669014670578000236744742323935 -0.817224834954325740632441466005 -0.736941960047543975775852231891 -0.343952210846748485106871839889   0.13975561320269516696335188044
 0.531861305091316904913867347204  0.141998582776715565056946388722 -0.292743587385795311917036087834 -0.819578996809237292353600423667  -0.80428789576708714648134446179
8
5     6
   0.945789121766505092026022794016    0.878615444778458765107131966943   -0.273422413322564727966579312124   -0.293079952445445046649297182739    -0.13099204259605362610230372411   -0.217520884992975893634792328157
-0.00763839309781340694560647364142    0.474467338602638899480723466695     1.00043801038204005493525983184    0.518454172090250908766506654501    -0.24676484325770384198328599723    0.171420337567276231949264797549
   0.418391605639310271147479625142   -0.287364703647757513405025520115    -0.29917518330895093159327302601    0.493469956232566731024746786716    0.795564600771422880676198019501    0.125758692435425978306540173435
  -0.445338999559693138330374040379    0.128280563058239871487842265196   -0.140277327869737789001192140859   -0.799928089503345596256167482352   -0.240719902118372908184085190442    0.340071483328614032615178075503
 0.00148513709364823942582489735287    -0.37411524421037334331430201928    -0.17674551702743163117403923934    0.202832180096990111195509598474   -0.577231099718134355036625038338   -0.981217237206650660930051799369
9
6     5
 -0.967008503180421308265124480386 0.00418881839156063241064176239092  -0.409444113882172278096049922169  -0.444427187803546619448979981826 0.00106134190224830703315472835158
  0.855341852907733568578407812311  -0.475442683114176589675992090633  -0.298394237415046836847665190362  -0.135443839848491232036309384057  -0.375026588904581903438639756132
  0.274178619528184341902488085907    1.00166600494463908788134176575   0.301236243017893146056707109892  -0.144420872534938987685748656986   0.170546566020560258492011485032
 -0.291875322225098043915636480961    -0.5157318615691226515451717205   0.488848308581531720840018806484   0.798967436127636321252509787882   0.215612170453584633955657068327
  -0.13469636269950163720565683434   0.239103612017951994150877226275   0.796838029136752390435560755577   0.247099054721404781664872984948  -0.590034677704394439068380506797
   0.21497965827389645121492378621   0.178402542285305332203648731593  -0.114844609553567414406138880167   0.330086256641550057633338610685   0.975793174585957601152585993987
10
5     2
-0.673535957814559771428264411952  -0.52821684896804477205023431452
 0.820258302181585352563786273095  0.137636127114404288596105629949
 -0.73410630514362051890486782213  0.301992647782161616198948195233
   0.3325089583113647329071227432 -0.831510986667191698273882138892
  0.14609885877932199393924861397  0.790940717137807447478792255424
5
7       5        8       6        9       5        10       2        6       2        5
10          10             9          9             8          8             7          7             6          6             
6
2     2
-0.816794456019541481595069853938  0.141910379343612863545232016804
 0.141910379343613002323110094949 -0.799820624073574570900291291764
7
5     5
 -0.613610414833283601687696773297   0.334659414745646310862525751872   0.207231496097685929935749982178 -0.0933157024520732125694166825269  -0.266325701055993402377453094232
  0.334659414745646255351374520615  -0.408504847811220650477537219558   0.369272250956009850941796912593   0.171241645207486109514505301377  0.0720468848633723790708671685934
  0.207231496097685818913447519662   0.369272250956009906452948143851   -0.34745133828323199187693148815   0.562094792102444396064697684778   0.149968105105501320339911330848
-0.0933157024520732403249922981558   0.171241645207486137270080917006   0.562094792102444396064697684778  -0.176827353749631571711020683324   0.412757586856838720734685921343
 -0.266325701055993513399755556748  0.0720468848633724345820183998512   0.149968105105501292584335715219   0.412757586856838609712383458827  -0.394879955581251329554959283996
8
6     6
  -0.0168288861640923936846547803725     0.675947284102113021830859906913  -0.00482404971450587759934647280602     0.293422175175648336509226510316     0.314181344598718381710966696119  -0.00105387541186617063326824705882
    0.675947284102113132853162369429    0.0158855299128624165294620951272     0.387769950188689038750311510739   0.00402735169842068085888087125568   0.00139921843234289957833005324517     0.306002215885035233622346595439
 -0.00482404971450587846670821079442     0.387769950188688927728009048224  -0.00127087455473507554559731147492      0.42431446344044498886205474264     -0.19762280506676144220534752094 -0.000448824510361743762854036532417
    0.293422175175648392020377741574   0.00402735169842068779777477516291     0.424314463440445044373205973898   0.00143646875335411497442983375095   0.00120443769589934253361196425658    -0.170542791542745791888435746841
    0.314181344598718381710966696119   0.00139921843234291909396915798425    -0.197622805066761386694196289682   0.00120443769589934079888848827977  -0.00752611282744259681154463947905     0.476096217047588032844629424289
 -0.00105387541186615502075696326756     0.306002215885035289133497826697 -0.000448824510361774120514866126541     -0.17054279154274581964401136247     0.476096217047588088355780655547    0.0076008475009935851443576559916
9
5     5
  0.612478856847289088172203719296   0.336254523527275139826997474302  -0.206113768510598260874644438445  -0.098217993571731096458243825964   0.263832247194459357242379837771
  0.336254523527275028804695011786   0.406964488923034162226599619316   0.369814963630046456000144416976  -0.170941110977615468025092582138   0.071469747683497536483443468569
 -0.206113768510598260874644438445   0.369814963630046456000144416976   0.343817931662357578748157038717   0.564764450030902365185170310724  -0.145556377437922518369717295172
-0.0982179935717311936027584806652   -0.17094111097761541251394135088   0.564764450030902365185170310724   0.170651519508475069120123635003    0.40964333489960319534262112029
  0.263832247194459357242379837771  0.0714697476834974670945044294967  -0.145556377437922601636444142059   0.409643334899603361876074814063   0.405687702363397406646328136048
10
2     2
0.818309705852728774821969182085 0.142356845989699332122313535365
0.142356845989699387633464766623 0.797324626783432410803698076052
