14
5
6       5        7       6        8       5        9       2        5       2        5
9          9             8          8             7          7             6          6             5          5             
5
2     2
 -6.99094280766109577029965294059 0.0411604594349363472893799098529
0.0411604594349355978888382878722  -6.36381948607704117648609098978
6
5     5
    -8.53324750704250512001181050437  0.000981336813539429586583651143883     0.017495772091716814411466174306    0.0649463288452463566313710430222 -6.32105759443696291199898951163e-05
 0.000981336813540158170443561402863     -6.99040589287940239415775067755 -4.40925142260323310594571921683e-05 -0.000305912157825605213190556241898   -0.0414709683115820071375168254235
   0.0174957720917166270613307688109 -4.40925142268649983279260595737e-05     -6.90197764226131305065337073756   0.00939376413540643495636572879448  0.000893290411102476422655627175118
   0.0649463288452469533762467790439 -0.000305912157825299901858784323849   0.00939376413540726762363419766189     -6.57488799486964303753211424919 -0.000109584729271694492069855186855
-6.32105759447165738151852565352e-05   -0.0414709683115827704158462552186  0.000893290411103031534167939753388 -0.000109584729271583469767392671201     -6.36332597439061764532652887283
7
6     6
    -8.53304773888788936631044634851  1.49074837670988471355348892189e-05   0.00105308278719606213114090564886    0.0176176098340159077715316726653    0.0657101418976205886579577963857  3.40496261446165959796417155303e-05
     1.4907483769070265498292438e-05     -8.24864290582316428412923414726  1.55829819287826967831936397779e-05   0.00117879272658269126927699232965  4.65889384352572051561924837415e-07  0.000124178263569767047876796217665
  0.00105308278719715847637772299095  1.55829819284983241058778480337e-05     -6.99011992752995947597582926392 -4.91070494702400273112630202377e-05  -0.00102702424703943195893884876568    0.0416378588506609026431704023707
   0.0176176098340145789733490744311   0.00117879272658149322587639584725 -4.91070494712114724578100322105e-05     -6.90095204721536514824720143224   0.00967723595827424398763128010614  -0.00118053172611931600499701744411
   0.0657101418976207690691992979737  4.65889386087566578081853307935e-07  -0.00102702424703932093663638625003   0.00967723595827499338817290208681      -6.5753959332080986754931473115  0.000297938716923740187780822452623
 3.40496261442974068600619830249e-05  0.000124178263570604214584280899913    0.0416378588506612912212290211755  -0.00118053172612009316111425505369   0.00029793871692379569893205371045     -6.36293435727061229556511534611
8
5     5
    -8.53270825445127556463376095053 -0.000840796213222885086002733601163   -0.0175365198129361632428668826833    0.0662272140571522477392463201795 -5.39182275708510738709833276516e-06
-0.000840796213222742838677703502981     -6.99008529066338901714061648818 -3.62751423843704623450889812375e-05   0.00148110916875861253760859881368   -0.0416637967637205897108998442491
  -0.0175365198129363471235553362249 -3.62751423847867959793234149402e-05     -6.90189143282894690401008119807   -0.0093950189108563952888886205983   0.00114943612700180164409857752617
   0.0662272140571506101602849980736    0.0014811091687578353814913612041  -0.00939501891085592344410315490677      -6.5754657794323243535927758785  0.000406567407879143694060530833667
-5.39182275793859133727892185561e-06   -0.0416637967637212280891390037141   0.00114943612700157959949365249486  0.000406567407880031872480230958899     -6.36264359285624614415155519964
9
2     2
  -6.99031174281912903722968621878 -0.0415498583087614559161693250644
-0.0415498583087596379259665013706   -6.36245385180933809010639379267
5
6       5        7       6        8       5        9       2        5       2        5
9          9             8          8             7          7             6          6             5          5             
5
2     2
   0.999999999999999555910790149937 4.37150315946155387791804969311e-16
2.28983498828938536462374031544e-16     1.00000000000000088817841970013
6
5     5
                                   1 -2.17707796235089290348696522415e-16 -4.33680868994201773602981120348e-17  8.15320033709099334373604506254e-17 -4.51028103753969844547100365162e-17
-3.88578058618804789148271083832e-16      1.00000000000000022204460492503  1.28369537222283724986482411623e-16 -5.37764277552810199267696589231e-16 -1.38777878078144567552953958511e-16
 1.04083408558608425664715468884e-17  1.73472347597680709441192448139e-17      1.00000000000000044408920985006  9.71445146547011972870677709579e-17 -4.09394740330526474281214177608e-16
 6.93889390390722837764769792557e-17  -5.4817261840867104183416813612e-16                                    0      1.00000000000000111022302462516  6.93889390390722837764769792557e-17
-1.50920942409982217213837429881e-16 -6.93889390390722837764769792557e-17  -4.2327252813834093103650957346e-16  1.38777878078144567552953958511e-16      1.00000000000000155431223447522
7
6     6
    0.999999999999999333866185224906 -3.82548878100248679334782764272e-16   1.3747683547116196223214501515e-16 -4.28476698566271352319745346904e-16  4.54497550705923458735924214125e-16 -1.38777878078144567552953958511e-16
-3.13295464332737083612556716616e-16                                    1 -3.28658947930035583162577950134e-16   6.9751469140497124321598221286e-17 -9.23333675142967713611596991541e-17 -1.48400172358953419404770102119e-16
 1.08420217248550443400745280087e-17 -3.67476773836805659101401033695e-16      1.00000000000000111022302462516 -2.94902990916057206050027161837e-16  -2.4980018054066022159531712532e-16  2.28983498828938536462374031544e-16
-3.47812056933349822429590858519e-16  9.26179705845742162750866555143e-17 -4.12864187282480088470038026571e-16      1.00000000000000155431223447522  6.03683769639928868855349719524e-16 -3.67761376907083104015327990055e-16
  4.8658993501149438998254481703e-16 -1.76379364672657468204874930962e-16 -1.45716771982051795930601656437e-16  5.68989300120392726967111229897e-16      1.00000000000000088817841970013 -5.82867087928207183722406625748e-16
-9.54097911787243901926558464766e-17 -2.97749021618831655189296725439e-17  2.63677968348474678350612521172e-16 -2.56739074444567449972964823246e-16 -6.93889390390722837764769792557e-16      1.00000000000000111022302462516
8
5     5
     1.00000000000000022204460492503 -1.56992474575901042044279165566e-16  2.95119831350554306936828652397e-16  3.90312782094781596242683008313e-18 -7.63278329429795121541246771812e-17
-8.58688120608519511733902618289e-17      1.00000000000000199840144432528 -3.71230823859036718204151839018e-16 -9.71445146547011972870677709579e-17 -1.52655665885959024308249354362e-16
 4.30211422042248159414157271385e-16 -2.98372437868010820238851010799e-16      1.00000000000000155431223447522 -6.17561557447743325610645115376e-16  1.28369537222283724986482411623e-16
-4.38017677684143791339010931551e-17 -8.50014503228635476261842995882e-17 -5.01335084557297250285046175122e-16      1.00000000000000066613381477509  3.95516952522712017525918781757e-16
-8.67361737988403547205962240696e-17 -1.38777878078144567552953958511e-16  1.70002900645727095252368599176e-16  2.84494650060196363483555614948e-16      1.00000000000000155431223447522
9
2     2
     1.00000000000000155431223447522 -3.26128013483639733749441802502e-16
-4.05925293378572860092390328646e-16      1.00000000000000177635683940025
5
6       5        7       6        8       5        9       2        5       2        4
8          9             7          8             6          7             5          6             
5
5     2
 0.618399138848248153266240478843   0.46784174877507295198242331935
-0.797975219129880897206419376744 -0.167712186272426094779675054269
 0.854150483950602890104164544027  -0.27627639675644150019095945936
-0.227258716268803034887824310317  0.910766491938120203997186763445
 0.165045002563000392514780401143  0.760346177501281195176829896809
6
6     5
  -0.959335667325748264744333937415    0.437210642682116013002513454921    0.319821902684273629002831285106    0.159889236146025875973109009465    -0.33135293641386948104710086227
   0.863620428189033950694408758864 4.25118080608305625345440248442e-05    0.489595451337748122089266189505    0.544652899619504027306504667649 -0.00112385756013987374475615599323
  -0.252695324568090962102928642707   -0.976655599991513745372628818586   -0.346583859704854280181507419911   0.0924174647652348246751330407278    0.207469105958838911929476012119
    0.32124709732064554712493986699    0.604344418462464227914665571006    -0.33793967763640908597011502934   -0.773452524788667550303955522395    0.194690704509610762462656907701
   0.158765870434950190359657540284   -0.163507145479242721464174792345   -0.776288630044718264144876229693   -0.202242960861207687894847140342   -0.641248880871572501938260302268
  -0.190168536952522393423947733027   -0.202899850806978032657923449733    0.115325603823869249353606392106   -0.374068858251595026676028510337    0.930689744480448943875217082677
7
5     6
  -0.959559262306723725899360033509   -0.863168486314333627262840309413    0.252158617240468951870013825101     0.32030455093009219114108532267    0.160131786825545741059784177196    0.191673610355496432111621629701
   0.438062373400259164046843807228 -0.00212973591503317141726547845337    0.977068811702475281677493512689    0.599560904495130331248731181404   -0.158571443247137039422867132998    0.208077607470167735836952260797
  -0.322215690620911265895642827672    0.490327336811681391282036202028   -0.351477681370877481636938455267    0.337485553014866268561888773547    0.771245295488685700391329191916    0.112191378192107490963103089143
    0.15792776975563699304316855887   -0.545781017375242649691813312529  -0.0965767045632997811477338245822   -0.777487868985116237219301638106   -0.201750823937286855036532529084    0.368005113665225314090179153936
  -0.330191632777488197625359589438 -0.00057219848520837640615255281773   -0.202184356359308620154635605104    0.199030975712385871378984347757   -0.647047279595469593260759211262    -0.92956752262200259551150338666
8
2     5
 0.619528757340835456446370699268 -0.799070396199720645036279620399 -0.852540765627135321835794457002 -0.223476313336464033065809076106  0.169176538368544043811070309857
-0.468235567728240709151066312188  0.163268046299211933014561282107 -0.280853517945815700507239398576 -0.912370394214827129530931415502 -0.757607324246184044014285063895
5
6       5        7       6        8       5        9       2        5       2        4
9          8             8          7             7          6             6          5             
6
2     5
 0.618399138848248153266240478843 -0.797975219129880786184116914228   0.85415048395060255703725715648 -0.227258716268802840598795000915  0.165045002563000364759204785514
  0.46784174877507295198242331935 -0.167712186272426122535250669898 -0.276276396756441555702110690618  0.910766491938120092974884300929  0.760346177501281084154527434293
7
5     6
  -0.959335667325748042699729012384    0.863620428189033617627501371317    -0.25269532456809090659177741145    0.321247097320645491613788635732    0.158765870434950245870808771542   -0.190168536952522448935098964284
   0.437210642682115957491362223664  4.2511808060870237557793416272e-05   -0.976655599991513967417233743618    0.604344418462464227914665571006   -0.163507145479242610441872329829    -0.20289985080697811592465029662
   0.319821902684273406958226360075    0.489595451337748455156173577052   -0.346583859704854113648053726138   -0.337939677636409196992417491856   -0.776288630044718153122573767178     0.11532560382386913833130392959
   0.159889236146025959239835856351    0.544652899619504027306504667649   0.0924174647652350050863745423158   -0.773452524788667439281653059879   -0.202242960861207660139271524713   -0.374068858251595026676028510337
  -0.331352936413869536558252093528 -0.00112385756013998194813297004657    0.207469105958838995196202859006    0.194690704509610651440354445185   -0.641248880871572390915957839752    0.930689744480448943875217082677
8
6     5
   -0.959559262306723503854755108478     0.438062373400259164046843807228    -0.322215690620911376917945290188     0.157927769755636965287592943241    -0.330191632777488253136510820696
   -0.863168486314333405218235384382  -0.00212973591503312067660380613177     0.490327336811681335770884970771    -0.545781017375242760714115775045 -0.000572198485208339326438253813478
    0.252158617240469007381165056358     0.977068811702475392699795975204    -0.351477681370877426125787224009   -0.0965767045632997672699460167678    -0.202184356359308647910211220733
    0.320304550930092080118782860154     0.599560904495130553293336106435     0.337485553014866213050737542289    -0.777487868985116348241604100622      0.19903097571238578811225750087
    0.160131786825545852082086639712    -0.158571443247136956156140286112     0.771245295488685811413631654432      -0.2017508239372869660588349916    -0.647047279595469704283061673777
    0.191673610355496515378348476588     0.208077607470167708081376645168     0.112191378192107477085315281329     0.368005113665225314090179153936     -0.92956752262200259551150338666
9
5     2
 0.619528757340835567468673161784 -0.468235567728240820173368774704
-0.799070396199720645036279620399  0.163268046299212044036863744623
-0.852540765627135210813491994486 -0.280853517945815700507239398576
-0.223476313336464116332535922993 -0.912370394214827351575536340533
 0.169176538368544043811070309857 -0.757607324246184155036587526411
5
6       5        7       6        8       5        9       2        5       2        5
9          9             8          8             7          7             6          6             5          5             
5
2     2
-0.797851133200466189343558198743 -0.166858570041096498925980995409
-0.166858570041096443414829764151 -0.759883789885654747919829787861
6
5     5
-0.678748883573792927137446895358 -0.309491267170816986009640459088  0.227283625488719137619497701053  0.113076620298930785590840741861  0.233355759072637058970656198653
-0.309491267170817097031942921603 -0.398862977763717208024019100776 -0.426631550521184954583020498831   0.11337481273113372837180179431 0.0840940770771166218322534291474
 0.227283625488719193130648932311 -0.426631550521184899071869267573 -0.239222751417215218072698235119 -0.545941538723956565348771619028 -0.139426127624555085127155962255
 0.113076620298930757835265126232  0.113374812731133714494013986496 -0.545941538723956565348771619028 -0.143539183666414632556396213658  0.456806668641896784777145512635
 0.233355759072637114481807429911  0.084094077077116580198890005704 -0.139426127624555029616004730997  0.456806668641896729265994281377 -0.379147446469360049903229992196
7
6     6
-0.000642831668314156143978488344715    -0.610497429906528332743675946404    -0.357501200907710148246820835993   0.00103821889892974838706662943366 -0.000967032189264589725485876670064    -0.270005973759318118609940029273
   -0.610497429906528554788280871435  -0.00057576256550624042157560111832   0.00085300228737530731006749595835    -0.346960900888049983414873622678    -0.385265726088180326946996956394 -0.000696371419009205686739827356746
   -0.357501200907710203757972067251   0.00085300228737532693412681794598 -0.000857964793535193406825989370645    -0.492486086263515587813088814073     0.131460411231727941627767108912  0.000427734308498090715078276957684
  0.00103821889892974708602402245106     -0.34696090088804992790372239142    -0.492486086263515532301937582815 -0.000215800239962569279095205843078  0.000876492696321756747934728082328     0.160426518657232203279860982548
-0.000967032189264555031016357133922    -0.385265726088180326946996956394     0.131460411231727913872191493283  0.000876492696321649195079217520288  0.000297850488109444033746342483937    -0.526005588111259969608113351569
     -0.2700059737593179520764863355 -0.000696371419009259029486713643564  0.000427734308498052551161805467927     0.160426518657232175524285366919    -0.526005588111260080630415814085   0.00138467919340924672244597104509
8
5     5
  0.677778540547824714934677103884   0.309445364495899655210564560548   0.226216705468979983884025841689  -0.114603785990391685012390610154   -0.23437328579211647028301968021
  0.309445364495899655210564560548   0.397462037040008542287949921956  -0.429232033236296051104119442243  -0.114991713964724379115622809877 -0.0849178504218894014687890603454
  0.226216705468979956128450226061  -0.429232033236295995592968210985   0.238215755565416992256544403972  -0.546944853179517576080570506747   -0.13864656604282662999416686489
 -0.114603785990391629501239378897  -0.114991713964724365237835002063  -0.546944853179517576080570506747   0.143445299667431525048044704818  -0.453508814587082365044068410498
 -0.234373285792116414771868448952 -0.0849178504218893737132134447165  -0.138646566042826574483015633632  -0.453508814587082476066370873014   0.380997995261566191338431508484
9
2     2
 0.797561405307892767879707207612 -0.167536690740880817029889726655
-0.167536690740880900296616573542  0.758997884516259935239190781431
5
6       5        7       6        8       5        9       2        5       2        4
8          9             7          8             6          7             5          6             
5
5     2
 0.625159793255151807755964910029 -0.472182396510891333463177943486
-0.799522906781760966943295443343  0.159419941500584999571898947579
-0.870716484123689293816994450026 -0.325422084879309070348796240069
-0.219633004417427918353311611099 -0.903992542508498475584133302618
-0.157934535943345166764117948333  0.787472433243325831142556125997
6
6     5
   -0.962281979909231588443674354494     0.441733901572037956917426981818    -0.328049272581085737954254000215     0.170917044814927476803489980739     0.334705088036129971840182406595
   -0.862583025519300550243428915564 -0.000291549355716891648530181280208     0.465710351807149036673649789009    -0.574998300661350603135701931024 -0.000986979417804411318301816002929
   -0.255371110519570232444408475203    -0.979016598711583418968018577289     0.352918376237969844133601782232    0.0905163351979780816947140920092    -0.197571364871722388034669393164
   -0.328898591394287787004202527896    -0.615728600235608825030908519693    -0.276212427607108179650197143928     0.790212612139482906137288864556     0.230060709233342430835023151303
    0.170494022227785951839607037073    -0.157337471019026176044519615971     0.794314142994450578250109629153    -0.278998197285076021678662527847     0.636826028449460679325966339093
    0.191988641558156286626157793762     0.193962987306759065964101296231     0.134561434839524818318778898174     0.371847545872903029184897150117     0.963091679768189212751394734369
7
5     6
  -0.962296603443945519629210139101    0.862370394410378215965806703025    0.254352475021787094444647436831   -0.328375033938613503092796008787    0.171616855086453939938095913931    -0.19379480560713541192896514076
   0.442918582767291069135495718001  0.00301100457907372501958898070029    0.978931686374694631780357667594   -0.612007315836121001950687059434   -0.154275548705317872011377744457   -0.198474196722343815268985167677
   0.329936090950839644442282860837    0.466277290298172553129063544475    0.356990186146229682151442830218    0.276099156497571052160111548801   -0.788936041734797255386979486502    0.132475707023258365557794036249
   0.169558209619913025090198743783    0.576127885818954910135403224558  -0.0929216266709000787704653134824    0.794697406920906290750394873612   -0.278274703307354764891812237693   -0.366659393943834954754379396036
    0.33344294835860910364289111385 -0.00140655146020042835439123329877    0.193080973295979646531250750741    0.233309619884461805217057417394    0.641394799618823396869515818253   -0.962441471678555537927479690552
8
2     5
 0.625975200090986172440921109228 -0.799268273036316756474661815446  0.870388815938599624821847555722 -0.216705845677538172511233938167 -0.161621800998374309799032744195
  0.47302862421204638909699724536   -0.1557572984979729013854665709 -0.329417330565241195383663352914  0.904269756116315104321756734862 -0.785889427518497885039039374533
5
6       5        7       6        8       5        9       2        5       2        4
9          8             8          7             7          6             6          5             
6
2     5
 0.625159793255151807755964910029 -0.799522906781760966943295443343 -0.870716484123689404839296912542 -0.219633004417427918353311611099  -0.15793453594334522227526917959
-0.472182396510891444485480406001  0.159419941500585027327474563208 -0.325422084879308903815342546295 -0.903992542508498586606435765134  0.787472433243325831142556125997
7
5     6
   -0.962281979909231477421371891978     -0.86258302551930066126573137808    -0.255371110519570343466710937719    -0.328898591394287675981900065381     0.170494022227785868572880190186     0.191988641558156286626157793762
    0.441733901572037956917426981818 -0.000291549355716874626556073257788     -0.97901659871158364101262350232    -0.615728600235608825030908519693    -0.157337471019026176044519615971      0.19396298730675909371967691186
   -0.328049272581085793465405231473     0.465710351807148925651347326493     0.352918376237970066178206707264    -0.276212427607107957605592218897     0.794314142994450467227807166637     0.134561434839524901585505745061
    0.170917044814927393536763133852    -0.574998300661350603135701931024    0.0905163351979780400613506685659     0.790212612139482906137288864556    -0.278998197285076021678662527847     0.371847545872902918162594687601
    0.334705088036130082862484869111  -0.00098697941780451670275298159396    -0.197571364871722277012366930649     0.230060709233342486346174382561     0.636826028449460568303663876577     0.963091679768188990706789809337
8
6     5
  -0.962296603443945519629210139101    0.442918582767291180157798180517    0.329936090950839588931131629579    0.169558209619912997334623128154    0.333442948358608992620588651334
   0.862370394410378215965806703025  0.00301100457907372371854637371769    0.466277290298172553129063544475    0.576127885818954910135403224558 -0.00140655146020037154219739505834
   0.254352475021787149955798668088    0.978931686374694520758055205079    0.356990186146229737662594061476  -0.0929216266708999261147994275234    0.193080973295979674286826366369
  -0.328375033938613558603947240044   -0.612007315836121001950687059434    0.276099156497571052160111548801    0.794697406920906290750394873612    0.233309619884461971750511111168
   0.171616855086453773404642220157   -0.154275548705317872011377744457   -0.788936041734797255386979486502   -0.278274703307354875914114700208    0.641394799618823507891818280768
  -0.193794805607135522951267603275   -0.198474196722343843024560783306    0.132475707023258310046642804991    -0.36665939394383484373207693352   -0.962441471678555537927479690552
9
5     2
 0.625975200090986172440921109228   0.47302862421204638909699724536
-0.799268273036316867496964277962 -0.155757298497972762607588492756
 0.870388815938599624821847555722 -0.329417330565241195383663352914
-0.216705845677538172511233938167  0.904269756116315104321756734862
-0.161621800998374337554608359824 -0.785889427518497996061341837049
5
6       5        7       6        8       5        9       2        5       2        5
9          9             8          8             7          7             6          6             5          5             
5
2     2
-0.799661998889562686265719548828  0.159239700688214885770932482956
 0.159239700688215080059961792358  -0.78636009917527771584389029158
6
5     5
 -0.680695210770223990692784354906  -0.312606841704047400121169175691  -0.233235187731350074313851905572   0.120742030004476141868963168235  -0.235838131466982958706068984611
 -0.312606841704047344610017944433  -0.399787754258491001557729305205   0.434939557649117736204402717703   0.109777671027751433374675116283 -0.0803351204478482544546480426106
 -0.233235187731350074313851905572   0.434939557649117736204402717703  -0.196511975401773814065009560181   0.558184014530808125797989305283  -0.163948849713371896941183081253
  0.120742030004476197380114399493   0.109777671027751377863523885026   0.558184014530808236820291767799  -0.197159573351993133716320016902   -0.45346408588792302962744429351
 -0.235838131466982903194917753353 -0.0803351204478483238435870816829  -0.163948849713371813674456234367  -0.453464085887923085138595524768  -0.392097644112924803572184373479
7
6     6
-0.000482191226520885035319863298753     0.609777446173576209709210615983    -0.361076251762670441536329235532 -0.000847064732805364803414072127907 -0.000705840664248020416282614064585     0.273027034933766343804961707065
    0.609777446173576098686908153468 -0.000717909813800100848370233652673  -0.00109829224647297728906236713442    -0.329165226520611031713059446702     0.407494512728828361947108760432  -0.00097899117456124937208805647515
   -0.361076251762670386025178004274  -0.00109829224647304385907575774439 -0.000112437226847681218111496548318     0.502553368186899995784244765673     0.126552303820766071096315386058 -0.000316323572145442433178885721645
-0.000847064732805422916650517350945    -0.329165226520611087224210677959     0.502553368186899995784244765673  -0.00112119665274379790020908842507 -0.000759483658976274622620650234239     0.189391749637249917626036221918
-0.000705840664248016946835662110971     0.407494512728828472969411222948     0.126552303820766043340739770429 -0.000759483658976198294787707254727   0.00112993018673727962930541934838     0.521559248169604416922595646611
    0.273027034933766343804961707065 -0.000978991174561297293824080334446 -0.000316323572145352227558134927676     0.189391749637249889870460606289     0.521559248169604527944898109126  0.000762938669918986067663979611098
8
5     5
 0.679751191494752826649516919133  0.312173947575949128907524254828 -0.232534955039368662621512839905 -0.122002924821272534794402986336  0.237153575838412622456274903016
 0.312173947575949128907524254828  0.399511767715172882997620718015  0.437370230855111230550136269812 -0.110490376328202036249059858619 0.0809820209578448191312105564066
-0.232534955039368579354785993019   0.43737023085511128606128750107  0.194057310059981169558795954799  0.559047518945898991304943592695 -0.163669632745544135765669579996
-0.122002924821272618061129833222 -0.110490376328202022371272050805  0.559047518945898991304943592695  0.198394726975524487988522537307   0.45037106954989769569408508687
 0.237153575838412622456274903016 0.0809820209578448191312105564066 -0.163669632745544246787972042512   0.45037106954989769569408508687  0.393089385110086619867786339455
9
2     2
0.799138937631134638195362640545 0.159902950490062284449876983672
0.159902950490062201183150136785 0.785768820485041707968321134103
