15
5
5       5        4       2        7       5        8       2        6       6        5
8          8             7          7             6          6             5          5             4          4             
4
2     2
  -5.63226655805410114652431730065  -0.015974920045233473309131966289
-0.0159749200452339937261747593311   -4.87633781596055548845924931811
5
5     5
   -6.98764035085695756066570538678  0.00096212675366432517248815869948   -0.108401986644943174042943212498   0.0163636047685711723265189476706 7.86864273193271790418634736852e-05
0.000962126753664043279923312468327    -5.63210343847152472562811453827 0.000159413421636639407452662453579 0.000231312897700765296438163431958  -0.0151560954757861965358500810908
  -0.108401986644942951998338287467 0.000159413421637066149427752748124    -5.30168833545430562281808306579  -0.0155503485618177922367166843287 0.000240309405382124752215133867139
  0.0163636047685707386456499534688 0.000231312897701115710580310746991  -0.0155503485618171746751592365854    -5.33293497760054169276600077865  0.00176250870286168148659555754421
 7.8686427319139828906457978519e-05  -0.0151560954757867655251502014835 0.000240309405382513330273752671928  0.00176250870286234762041033263813    -4.87620196800164684702849626774
6
6     6
    -7.28206067517140898104344159947   0.00244417977647101410457186609904 -6.26340923730059969017081034082e-05  0.000355467046068100170960052386349 -0.000318813734458867677895588244041 -3.11439772632812544254227171692e-05
   0.0024441797764728390336685937001     -6.98757563816324456240636209259   0.00108456808945946343858413030148    -0.108633899461294827770707627224   -0.0165331691390455566559314348751  5.72527237404710231949422905018e-05
-6.26340923722199503266561126935e-05   0.00108456808945951374556493362888     -5.63207686051118372461132821627  0.000233715629631071897254201985561  2.28668898138995047020216588862e-06    0.0142877086041979239894317288417
 0.000355467046068618690649043578844    -0.108633899461293148558382881674   0.00023371562963137720858597390361     -5.30127285605618414621176270884    0.0148362645403945642152976347461 -8.99060417916541787519690842601e-06
-0.000318813734459345919473871600047   -0.0165331691390459972756943329841  2.28668898137607268239435143187e-06    0.0148362645403952164713246020256     -5.33367837391591592677286826074   0.00169122146348624213807454452763
-3.11439772631075923424448514965e-05  5.72527237408665401474650025193e-05    0.0142877086041979101116439210273 -8.99060417922092902642816625303e-06   0.00169122146348610336019646638306     -4.87608787192266923682382184779
7
5     5
   -6.98764712929666664820160804084 0.000912334249070216596333438019428   -0.108584637215542456623040834529   -0.017237334103031000387407090102 0.000178025724450379951857570404172
0.000912334249071250491525120196457    -5.63218705520477946890878229169 0.000242246212222657630874778078578 0.000238895705903727217922494219238   0.0133694266994701105311094124772
  -0.108584637215542748056584798633  0.00024224621222269232534429761472     -5.3019253476490852960978372721    0.014484410660320912178633534495 0.000218190772628773510533051194216
 -0.0172373341030306881371814142767 0.000238895705903949262527419250546   0.0144844106603204958449993000613    -5.33308029428567031970942480257  0.00117421279050367033391921722796
0.000178025724449693001361083588563   0.0133694266994702146145179710857 0.000218190772628495954776894905081  0.00117421279050389237852414225927    -4.87600083686575302976962120738
8
2     2
 -5.63243219644623582809117579018 0.0124052521213754429751929819759
 0.012405252121375234808375864759  -4.87594270686577679896345216548
5
5       5        6       6        7       5        8       2        4       2        5
8          8             7          7             6          6             5          5             4          4             
4
2     2
    1.00000000000000022204460492503 6.24500451351650553988292813301e-17
5.55111512312578270211815834045e-17     1.00000000000000133226762955019
5
5     5
    0.999999999999999555910790149937 -6.57026516526215687008516397327e-17 -3.23309087835177422221022425219e-16  1.54390389361935831402661278844e-16 -9.02056207507939689094200730324e-17
-1.75423911508154617422405863181e-16     0.999999999999999000799277837359  5.30825383648902970890048891306e-16  5.03069808033274057379458099604e-17 -1.38777878078144567552953958511e-16
-3.31549024346067255919479066506e-16   4.4842601854000463390548247844e-16     0.999999999999999555910790149937  2.02095284951298026498989202082e-16  2.42861286636752993217669427395e-17
 3.79470760369926551902608480304e-17  1.09287578986538846947951242328e-16  3.55618312575245454354444518685e-16      1.00000000000000044408920985006 -2.46330733588706607406493276358e-16
-6.59194920871186695876531302929e-17 -7.28583859910258979653008282185e-17  5.89805981832114412100054323673e-17 -2.84494650060196363483555614948e-16      1.00000000000000044408920985006
6
6     6
    0.999999999999999666933092612453 -1.92151965183479794818666164247e-16  1.13875109428868137584345276991e-16 -1.60543236690791069065653573489e-16  1.93015091756731926864176784875e-16 -5.42954895453584551745507269516e-16
-2.42548731479216156392553216392e-16      1.00000000000000044408920985006 -5.76795555762288358891964890063e-17 -2.32452945780892150651197880507e-16 -7.28583859910258979653008282185e-17 -9.02056207507939689094200730324e-17
 1.29858621143556784982564522579e-16 -5.89805981832114412100054323673e-17      1.00000000000000044408920985006  3.46944695195361418882384896278e-18  7.45931094670027050597127526999e-17  2.67147415300428292539436370134e-16
-1.34010776650997365244677439478e-16 -2.48065457064683414500905200839e-16  4.68375338513737915491219609976e-17      1.00000000000000088817841970013 -3.74700270810990332392975687981e-16 -9.71445146547011972870677709579e-17
 7.86249862959331746736779678031e-17  2.42861286636752993217669427395e-17  6.93889390390722837764769792557e-17 -4.51028103753969844547100365162e-16      1.00000000000000088817841970013 -4.16333634234433702658861875534e-16
-5.78354096385236271515850603464e-16 -1.02348685082631618570303544402e-16  3.29597460435593347938265651464e-16 -1.52655665885959024308249354362e-16  -4.8572257327350598643533885479e-16      1.00000000000000088817841970013
7
5     5
     1.00000000000000088817841970013  8.54351311918577493997872807086e-17  4.37150315946155387791804969311e-16  2.60208521396521064161788672209e-17 -3.08780778723871662805322557688e-16
-2.51534904016637028689729049802e-17      1.00000000000000199840144432528 -4.16333634234433702658861875534e-17 -2.25514051876984922273550182581e-17  4.51028103753969844547100365162e-17
 4.44089209850062616169452667236e-16 -9.54097911787243901926558464766e-17      1.00000000000000199840144432528 -3.95516952522712017525918781757e-16  -3.6082248300317587563768029213e-16
 6.41847686111418624932412058115e-17   4.8572257327350598643533885479e-17 -4.51028103753969844547100365162e-16      1.00000000000000133226762955019 -3.95516952522712017525918781757e-16
 -2.4980018054066022159531712532e-16   1.8735013540549516619648784399e-16 -3.46944695195361418882384896278e-16 -2.98372437868010820238851010799e-16      1.00000000000000066613381477509
8
2     2
                                   1 -1.38777878078144567552953958511e-16
-8.32667268468867405317723751068e-17      1.00000000000000022204460492503
5
5       5        6       6        7       5        8       2        4       2        4
7          8             6          7             5          6             4          5             
4
5     2
 0.711668968365928522601393524383  0.524845077325776676602231418656
-0.825408162478901252789853515424 -0.140001434155584414398276749125
 0.775342824211335268635991724295 -0.427973021981466861252130229332
   -0.245941956485480339722471399  0.772420324578748096477909257374
-0.138087773963990412262603513227 -0.833078991896854859078302979469
5
6     5
   0.972970971952234253699032251461  0.00543995244337071998108612547185     0.29095123854683102582185938445    0.521118179981599594086105753377 0.000793661748901516839703462746769
  -0.850531281670931060823193092801    0.503934541182004758219648010709    0.296160777596707613934512437481    0.123073147821510436861203174885    0.370061784379508762476973515732
  -0.290812773935761492705154296345    -1.01049095036597114116716511489   -0.315476018854003503744110048501    0.100317465885076201326242539835   -0.173643820868049303385305393022
    0.29919847613121397511548593684    0.547668249687077723919514937734   -0.225938601177911424500166504004   -0.802060207209069786493671472272   -0.301427377655451522731056002158
  -0.127101278095660547018397323882    0.173796882555390497238079205999    0.802401984783497557174314351869    0.504452813905846952913236691529   -0.544810137859440768437480073771
   0.214291976551445689791464133123     0.16975232128266734554777883659   -0.179517731730800267353487242872    0.320073807352126427083760518144     1.01605606842396101185954648827
6
5     6
  -0.988417156919871087161766354257   -0.832756776946554588825222253945    0.291077033411052454869860639519    0.297799325618689325612109541908   -0.129272726192815018420034789415    -0.21318540041699651776951895954
-0.00305466397791712140907804950984     -0.5049811756716303667857914661    -1.01097639930403193631036629085   -0.545459256492299093821429778473   -0.169435587387165270678579531705    0.174724797548457544404953978301
  -0.283166209330384832654203819402    0.302358551875796743857449655479    0.317090693824202851658355939435   -0.221627642812665198723820481064    0.800863135117739766144495661138    0.172346471867979633696421615241
   0.520514483457309551361902322242   -0.131129418143070275437622740355    0.101835157857622538024600089557    0.800781183650727146350334351155    -0.50973245239169173714799399022    0.314155240941396629583692856613
 0.00153490398337954858654086365277    0.370139731925829107428427278137    0.169288447074038533868289846396   -0.310884444590399822150317277192   -0.552034432349148285190665319533    -1.01247815720200362576974839612
7
2     5
-0.715207445069767633327728617587 -0.826596015294643104986960224778 -0.773074352858338809113547540619 -0.237269082906010647660011159132  0.142660040638307700211484529973
  0.52237707904199259800748222915  0.136966712162544523856411160523 -0.437045194715134255325494905264 -0.778528034001915836270768522809   -0.8242746306229306041402082883
5
5       5        6       6        7       5        8       2        4       2        4
8          7             7          6             6          5             5          4             
5
2     5
 0.711668968365928522601393524383 -0.825408162478901252789853515424  0.775342824211335046591386799264 -0.245941956485480200944593320855 -0.138087773963990412262603513227
 0.524845077325776676602231418656 -0.140001434155584331131549902238 -0.427973021981466916763281460589  0.772420324578747985455606794858 -0.833078991896854859078302979469
6
5     6
    0.97297097195223403165442732643   -0.850531281670930949800890630286   -0.290812773935761437194003065088    0.299198476131213919604334705582   -0.127101278095660574773972939511    0.214291976551445606524737286236
 0.00543995244337063151018885065469    0.503934541182004869241950473224    -1.01049095036597114116716511489    0.547668249687077945964119862765    0.173796882555390580504806052886    0.169752321282667290036627605332
    0.29095123854683102582185938445    0.296160777596707613934512437481   -0.315476018854003392721807585986   -0.225938601177911563278044582148    0.802401984783497557174314351869   -0.179517731730800211842336011614
   0.521118179981599372041500828345    0.123073147821510478494566598329    0.100317465885076187448454732021   -0.802060207209069897515973934787    0.504452813905846841890934229014    0.320073807352126316061458055628
0.000793661748901432922455312368726    0.370061784379508762476973515732   -0.173643820868049442163183471166   -0.301427377655451578242207233416   -0.544810137859440879459782536287     1.01605606842396145594875633833
7
6     5
 -0.988417156919871087161766354257 -0.0030546639779170138562225389478  -0.283166209330384832654203819402   0.520514483457309662384204784757  0.0015349039833795314561465383818
 -0.832756776946554477802919791429    -0.5049811756716303667857914661   0.302358551875796743857449655479  -0.131129418143070330948773971613   0.370139731925829162939578509395
  0.291077033411052399358709408261   -1.01097639930403215835497121589   0.317090693824202907169507170693      0.101835157857622579657963513   0.169288447074038450601562999509
  0.297799325618689381123260773165  -0.545459256492299093821429778473  -0.221627642812665226479396096693    0.80078118365072725737263681367   -0.31088444459039987766146850845
 -0.129272726192815046175610405044  -0.169435587387165242923003916076   0.800863135117739655122193198622  -0.509732452391691848170296452736  -0.552034432349148285190665319533
  -0.21318540041699651776951895954    0.17472479754845757216052959393   0.172346471867979605940845999612   0.314155240941396629583692856613   -1.01247815720200384781435332116
8
5     2
-0.715207445069767633327728617587   0.52237707904199259800748222915
-0.826596015294642771920052837231  0.136966712162544468345259929265
-0.773074352858338809113547540619 -0.437045194715134144303192442749
-0.237269082906010730926738006019 -0.778528034001915836270768522809
 0.142660040638307700211484529973   -0.8242746306229306041402082883
5
5       5        6       6        7       5        8       2        4       2        5
8          8             7          7             6          6             5          5             4          4             
4
2     2
 -0.82494657378420377380479067142 -0.139853195906344263121923177096
-0.139853195906344346388650023982 -0.829118732604403829711259277246
5
5     5
 -0.595722763302571789445494232496  -0.356046596752681965281084330854   0.211809199579013673897520675382   0.089076841984998017531793834678  -0.262670186348646139684603895148
 -0.356046596752681909769933099597  -0.412284897304191821909569171112  -0.388085133186664599236337380717   0.122329901599051160676623339896 -0.0708275801432404761293071260297
   0.21180919957901372940867190664  -0.388085133186664543725186149459  -0.162224516722340089680542973838  -0.565010771426337377043580545433   0.217298601612635006175011653795
 0.0890768419849980591651572581213   0.122329901599051146798835532081  -0.565010771426337377043580545433  -0.359325434744531713171511455585  -0.388535088875505696393020116375
  -0.26267018634864608417345266389 -0.0708275801432405732738217807309   0.217298601612634950663860422537  -0.388535088875505696393020116375  -0.410243707708650595655797133077
6
6     6
  -0.0129325084355038436023654924156    -0.693206930383025610176161990239  -0.00347005952922158295362309310406    -0.202235526681289329298252255285      0.36883256675385450717996604908  0.000956358031378294962121522360121
   -0.693206930383025721198464452755    0.0119317796286641970848751981293    -0.411937723514564535509663301127   0.00221690516817673807792310469722  -0.00191762029513673978864396474364     0.302451372291395848002082402672
 -0.00347005952922165494464734614155    -0.411937723514564479998512069869 -0.000338058043060246796174261874057    -0.447494762056928285787193999568    -0.139443494691116470773906144132  0.000207769793165429178527503495388
   -0.202235526681289329298252255285   0.00221690516817671292443270303352    -0.447494762056928396809496462083  0.000151981313127848988164814159063  -0.00188105758505797970858708367814    -0.250399769684542028436169402994
     0.36883256675385450717996604908  -0.00191762029513669815528054130027    -0.139443494691116470773906144132  -0.00188105758505795889190537195645  -0.00429297156437994861799545276426    -0.447133066356034780675088313728
 0.000956358031378330307112345387566     0.302451372291395792490931171415  0.000207769793165449995209215217074    -0.250399769684542083947320634252    -0.447133066356034780675088313728   0.00488801327359682236117777165418
7
5     5
  0.594457854554568565497163490363  -0.357090600875393460178486293444  -0.210759404790574589316776155101  0.0925061838218669690858675380696   0.261370216879365291351433597811
 -0.357090600875393571200788755959   0.412008560320533179233137843767  -0.388511517160977259965903840566  -0.121086739231157841656383311602 -0.0706627675284740019989726533822
 -0.210759404790574589316776155101  -0.388511517160977315477055071824   0.156445324974154309494167591765  -0.566784627175629496242947880091  -0.215165388640229993111319117816
 0.0925061838218669413302919224407  -0.121086739231157841656383311602  -0.566784627175629607265250342607   0.358146768424045913725706213881  -0.386458103119152074356179582537
  0.261370216879365291351433597811 -0.0706627675284740019989726533822  -0.215165388640230048622470349073  -0.386458103119151963333877120021   0.417112659958195908238565152715
8
2     2
 0.825866995614405574599459214369 -0.140466422824155556803304989444
-0.140466422824155473536578142557  0.827185974448257699265241171815
5
5       5        6       6        7       5        8       2        4       2        4
7          8             6          7             5          6             4          5             
4
5     2
-0.717383543551827429496370314155  0.501793882905696708718323861831
-0.830064659235773771861488512513  0.139281843478589406615242296539
-0.679474665803282640297311445465 -0.296888334071138904057818308502
-0.359699373057926874430734187627 -0.821946630666829936018302760203
 0.144340856201931738711508046435 -0.796329186880101569379064585519
5
6     5
  -0.986360025841345411379279539688 -0.00342388299048584920925009100756    -0.37847541772655091119048620385    0.432282643204091432398428196393 0.000923326509486083776660769739664
  -0.832813301838156938572410581401   -0.506637206846851095853878632624    0.312299188473260658227559360967  -0.0806539787566061400214678656084    0.355738715346563427743831198313
   0.292130817473580495224894093553    -1.01516197054072399019730710279    0.277687144620721637622295929759    0.151792517457193076868549042047    0.171745300586145066557008931341
    0.30802202401430245348734615618   -0.478229825629563010114253529537   -0.567934352133469877443872064759    0.796712924159971969118032575352   -0.210132133115599806227891122035
   0.078638623844527105744006689747      0.2579322396165730224559808903   -0.794305476081997419157687545521    0.195333606194126069288685698666    0.582790882316890912484552700334
   0.204688385956161900125493957603   -0.176485117557221626860552987637   -0.116290210164879059817621964612   -0.329526844072291824616627309297    0.979754532517350340548034637322
6
5     6
  0.970939976622825606789035646216  -0.850528009053827971364114546304  -0.291842605102783536619170945414   0.308861748023981197430742895449  0.0765839480989251586429134022183  -0.205988868808723968317764274616
0.00554714230200665549264105180782   0.505673333783877798630612687703   -1.01475433370766632279469376954   0.478959201936388800913135810333  -0.261962235551987832060660821298   -0.17216381116049483956942367513
  0.385913928703746023085585648005   0.304921632807805931264510945766  -0.277124922599187639704609864566  -0.572330392861801984238923068915  -0.793448847210466379209492515656    0.12223098700101615865509785408
  0.431628528372616504515946189713  0.0739356442496416493836974836995   0.150492660657017662817480641024  -0.796412907018925420032928741421   -0.18988159635458456975243279885  -0.336057226295588762354782375041
0.00130794040029690028514863797682    0.35551313710588128280676301074  -0.175435029824843963242031463778  -0.202430736150068013579073067376   0.574566580331885568000416242285  -0.983234223142265717498844423972
7
2     5
 0.714011160693666213639119177969  -0.82907386626910717364324909795  0.680206897315446479268530310947 -0.367903383912636772201665280591   -0.1402967986312667891812822063
 0.504341984730619974364174140646 -0.141751770133334176193784514908 -0.289703722943388919386364932507  0.814636143799677192589570040582 -0.804875954966958517822206431447
5
5       5        6       6        7       5        8       2        4       2        4
8          7             7          6             6          5             5          4             
5
2     5
 -0.71738354355182754051867277667 -0.830064659235774215950698362576 -0.679474665803282640297311445465 -0.359699373057926929941885418884  0.144340856201931544422478737033
   0.5017938829056964866737189368  0.139281843478589295592939834023  -0.29688833407113868201321338347 -0.821946630666829936018302760203 -0.796329186880101569379064585519
6
5     6
  -0.986360025841345300356977077172   -0.832813301838156716527805656369    0.292130817473580495224894093553     0.30802202401430245348734615618   0.0786386238445271473773701131904    0.204688385956161927881069573232
-0.00342388299048585614814399491479    -0.50663720684685120687618109514    -1.01516197054072399019730710279   -0.478229825629562899091951067021    0.257932239616573133478283352815   -0.176485117557221404815948062605
  -0.378475417726550800168183741334    0.312299188473260547205256898451    0.277687144620721804155749623533   -0.567934352133469877443872064759   -0.794305476081997308135385083006   -0.116290210164879004306470733354
   0.432282643204091487909579427651   -0.080653978756606126143680057794    0.151792517457193104624124657676    0.796712924159971969118032575352    0.195333606194126180310988161182   -0.329526844072291769105476078039
0.000923326509486115110103554570742    0.355738715346563483254982429571    0.171745300586145122068160162598   -0.210132133115599833983466737664     0.58279088231689102350685516285    0.979754532517350340548034637322
7
6     5
    0.9709399766228254957667331837 0.00554714230200644038693003068374   0.385913928703746023085585648005   0.431628528372616560027097420971 0.00130794040029695991626812467956
 -0.850528009053828193408719471336   0.505673333783877687608310225187   0.304921632807805931264510945766  0.0739356442496415106058194055549   0.355513137105881171784460548224
 -0.291842605102783481108019714156   -1.01475433370766610075008884451  -0.277124922599187695215761095824   0.150492660657017662817480641024  -0.175435029824844018753182695036
  0.308861748023981252941894126707   0.478959201936388800913135810333  -0.572330392861801873216620606399  -0.796412907018925197988323816389  -0.202430736150067958067921836118
 0.0765839480989251725207012100327  -0.261962235551987832060660821298  -0.793448847210466268187190053141  -0.189881596354584458730130336335     0.5745665803318856790227187048
 -0.205988868808724051584491121503  -0.172163811160494867324999290759   0.122230987001016186410673469709  -0.336057226295588873377084837557  -0.983234223142265717498844423972
8
5     2
 0.714011160693666102616816715454  0.504341984730619974364174140646
-0.829073866269106618531736785371 -0.141751770133334203949360130537
 0.680206897315446479268530310947  -0.28970372294338908591981862628
-0.367903383912636827712816511848  0.814636143799677303611872503097
-0.140296798631266761425706590671 -0.804875954966958406799903968931
5
5       5        6       6        7       5        8       2        4       2        5
8          8             7          7             6          6             5          5             4          4             
4
2     2
-0.829354975155001783448938112997  0.142145693976906517530522933157
 0.142145693976906600797249780044 -0.800170422932813041327904102218
5
5     5
 -0.594573010394408907330898728105   0.358301678771298037773362921143   0.217860367398771487268405167015 -0.0578623610224267004298326355638   -0.25084430613466895954033475391
  0.358301678771298148795665383659  -0.413796525319766128614418221332   0.341041768439117154443351864757   0.182559541373661843310927110906   0.071240266896971909948987899952
  0.217860367398771515023980782644   0.341041768439117265465654327272    -0.3991479984129285285554544771   0.563482554035686700188989561866   0.145212179915246292205566192024
-0.0578623610224267143076204433783   0.182559541373661843310927110906   0.563482554035686700188989561866  -0.136552484187935502246702412776   0.407144227495075283762560047762
 -0.250844306134669070562637216426  0.0712402668969719654601391312099   0.145212179915246375472293038911   0.407144227495075228251408816504  -0.404457150130178577640549519856
6
6     6
   0.0128608993640842023120640646994     0.691787766033619799799225802417   0.00366286751297677931615837110257      0.27100962901831954221520959436      0.30492170426959763762653210506   0.00091642241686105605207729452033
    0.691787766033619910821528264933   -0.0119491346963482743259721274853     0.413349305167937108862474815396  -0.00251613781036891335368688160656  -0.00149473143568906513198313312785     0.290431447557712441032151673426
  0.00366286751297684176620350626763      0.41334930516793727539592850917  0.000141448348274845342453787111481     0.392071927527827268633586754731    -0.211879057809246235111189093914  0.000319085549872335800386524695682
     0.27100962901831954221520959436  -0.00251613781036900269194589441213     0.392071927527827379655889217247 -0.000700160701504882847234778608936 -0.000961638872718580464682425201772     -0.16818092751412905272445641458
    0.304921704269597859671137030091  -0.00149473143568904301425881442356    -0.211879057809246346133491556429 -0.000961638872718571791065045317737   0.00486632691318244180178620439392     0.472328023097319804612936877675
 0.000916422416861070038285319583338     0.290431447557712385521000442168  0.000319085549872304141683088118953    -0.168180927514129080480032030209     0.472328023097319693590634415159  -0.00471692267988720482368991682165
7
5     5
  0.595720166498813652466992607515   0.357283371354612633297165302793  -0.218266051612041489526916393515 -0.0546486823575287120058341372442   0.252287591831082680382536409525
  0.357283371354612744319467765308   0.413741912395035549288024867565   0.340881834906073211133303857423  -0.183812044069941560309189299005  0.0716210539064090351280000845691
 -0.218266051612041600549218856031   0.340881834906073322155606319939   0.403969044508105668001007870771    0.56072470649186867408531043111  -0.147070970149692836770327630802
-0.0546486823575287050669402333369  -0.183812044069941615820340530263   0.560724706491868785107612893626    0.13862452983891421220974393691   0.409308764463665264443648084125
  0.252287591831082624871385178267  0.0716210539064089934946366611257  -0.147070970149692781259176399544   0.409308764463665208932496852867   0.397851484574520242176731699146
8
2     2
0.828303237087190002974068647745 0.141727287465101187136085059137
0.141727287465101131624933827879  0.80209589678838688620032826293
