16
5
4       5        5       6        6       5        7       2        3       2        5
7          7             6          6             5          5             4          4             3          3             
3
2     2
 -4.21476438355599025697983961436 0.0370107266948446617105261680081
0.0370107266948447380383591109876  -3.15884514210083988672295163269
4
5     5
    -5.76665418229676163264230126515  0.000963357989966108843593595167931    0.0206290706870087339752650734681     0.112291425941356576290175439681  5.76357260852200514733567615622e-06
 0.000963357989965642202978557406823     -4.21481248533527530497622137773  1.55464734630933465453495045949e-05  -0.00127374155158337803994683667952   -0.0370478328339490514675702570457
   0.0206290706870096152147908696861  1.55464734626943601458748389632e-05     -4.12875683207516086525856735534  -0.00679724251497698661594881741621   0.00124284684413955570647658532835
    0.112291425941355882400785048958  -0.00127374155158354804284748240661  -0.00679724251497677844913170019936     -3.54184104113149134107629834034 -0.000243989648664427738466997652722
 5.76357260831383833021845930489e-06   -0.0370478328339487392173445812205   0.00124284684413948631753754625606 -0.000243989648663900382530300703365     -3.15915491604436438066727532714
5
6     6
    -5.76685585811050582805137310061 -1.62939907978896231905384384131e-05  -0.00108184741678484875118670949234    0.0206571594982363493375743246361     0.111684617017524884241552740605 -1.37206266099358653587358958248e-05
-1.62939907979966678262806478727e-05     -5.27548486518428205727104796097  1.98349468355863248778068325118e-05  -0.00110862326704067818555765612132  9.07915795690575328337826310765e-06  4.18432211232677800935922385328e-05
 -0.00108184741678532189701478216648  1.98349468362206814045327341045e-05     -4.21493123555062254581571323797  4.18585025408965694104779231566e-06  0.000854175915183524869789266631415     0.037003113591740494081605561405
   0.0206571594982364950543463066879  -0.00110862326704135667927719754999  4.18585025433772239811247573016e-06     -4.12849244850250496341459438554  -0.00666335097075085314166642547207   0.00135564299198055737694090794321
    0.111684617017525050775006434378  9.07915795714259047169414351686e-06  0.000854175915183465889191083419973  -0.00666335097075142906986044977202     -3.54175629994639296072023171291 -0.000173693144191439108325880624761
-1.37206266097450457763784470444e-05  4.18432211233983857977952736107e-05    0.0370031135917405218371811770339   0.00135564299198047411021406105647 -0.000173693144191910953111346316291     -3.15950235722617112088528301683
6
5     5
    -5.76698575477916008935608260799   0.00090941961849054660758928658737   -0.0205496510227394790781829669868     0.111046234792863809937024655028 -2.90110496166950948548901578761e-05
 0.000909419618491261530501823528994     -4.21511645855650751713028512313  2.12144008818280355166407957768e-05 -0.000212055232557972067608531574479   -0.0368763018457272800931789902279
  -0.0205496510227398711256885377452  2.12144008811098599975863976397e-05     -4.12904448640965338057640110492   0.00694664421420646688298816684437  -0.00110240496467385595824595156955
     0.11104623479286337972560261278 -0.000212055232557968598161579620864   0.00694664421420562727682579406974     -3.54124718685454009658997165388 -5.68269618308608892576216931047e-05
-2.90110496160012054644994350383e-05   -0.0368763018457275715267229543315  -0.00110240496467395310276060627075 -5.68269618314298785577420858317e-05     -3.15988731932962130244391119049
7
2     2
  -4.21536793133518017384631093591  -0.036666307545346034368893839428
-0.0366663075453462009023475332015   -3.16031038831101707131665534689
5
4       5        5       6        6       5        7       2        3       2        5
7          7             6          6             5          5             4          4             3          3             
3
2     2
    1.00000000000000022204460492503 3.12250225675825276994146406651e-16
2.22044604925031308084726333618e-16     1.00000000000000088817841970013
4
5     5
    0.999999999999999777955395074969 -9.32413868337533813246409408748e-17 -6.67868538251070731348590925336e-16  5.01335084557297250285046175122e-16  1.00613961606654811475891619921e-16
 6.93889390390722837764769792557e-18      1.00000000000000111022302462516   1.3704315460216776045854203403e-16  5.65519853168439112778287380934e-16 -1.18308141061618243838893249631e-15
-6.11490025281824500780203379691e-16  1.33573707650214146269718185067e-16      1.00000000000000022204460492503  8.67361737988403547205962240696e-16 -4.02455846426619245903566479683e-16
 5.56846235788555077306227758527e-16  5.82867087928207183722406625748e-16  8.81239525796218003961257636547e-16      1.00000000000000177635683940025 -3.74700270810990332392975687981e-16
 5.55111512312578270211815834045e-17 -1.26287869051111556473188102245e-15 -4.99600361081320443190634250641e-16 -4.16333634234433702658861875534e-16      1.00000000000000133226762955019
5
6     6
    0.999999999999999666933092612453 -8.49620632908162226604176225919e-17  9.45424294407359866454498842359e-17 -5.54244150574589866664609871805e-16 -3.97251675998688824620330706239e-16 -1.73472347597680709441192448139e-18
-1.49075892892625537500261856394e-16                                    1 -4.38858781400767311575705775795e-16  1.98632614262922446712877899699e-16 -1.14032657557057437447411984976e-16 -1.89237324811977747351932066522e-16
 9.23740250957649777774349786341e-17 -5.33769670173558918868650380318e-16      1.00000000000000111022302462516  3.76434994286967139487387612462e-16 -1.42247325030098181741777807474e-16  1.38777878078144567552953958511e-15
-5.59448321002520287947845645249e-16  1.63291011571684019365591211681e-16  3.71230823859036718204151839018e-16      1.00000000000000155431223447522  1.25247034965525472216540947556e-15  2.01227923213309622951783239841e-16
-3.75567632548978735940181650221e-16    -1.00112518101880265675163173e-16 -1.68268177169750288157956674695e-16  1.33920652345409507688600569963e-15      1.00000000000000111022302462516  2.22044604925031308084726333618e-16
-1.64798730217796673969132825732e-17 -2.17402864374077742226631926314e-16  1.37737043992558483296306803823e-15  2.01227923213309622951783239841e-16  2.70616862252381906728260219097e-16      1.00000000000000088817841970013
6
5     5
    0.999999999999999666933092612453 -4.45390252457045221490261610597e-16 -3.04660810468426745956094237044e-17  4.93311988480904517473391024396e-16 -1.97758476261356008762959390879e-16
-5.06105574116233469794678967446e-16      1.00000000000000066613381477509  4.33680868994201773602981120348e-16 -2.89698820488126784766791388392e-16 -5.55111512312578270211815834045e-16
-8.12067427191642821071582147852e-17  3.70363462121048314656945876777e-16      1.00000000000000044408920985006 -9.68843061333046762229059822857e-16  1.28369537222283724986482411623e-16
 4.36933475511658286905003478751e-16 -2.06432093641240044235019013286e-16 -1.01828268039838576441979967058e-15     0.999999999999999666933092612453  3.46944695195361418882384896278e-16
-2.34187669256868957745609804988e-16 -6.03683769639928868855349719524e-16   4.8572257327350598643533885479e-17  3.19189119579732505371794104576e-16      1.00000000000000177635683940025
7
2     2
     1.00000000000000066613381477509 -2.77555756156289135105907917023e-17
-1.21430643318376496608834713697e-17      1.00000000000000199840144432528
5
4       5        5       6        6       5        7       2        3       2        4
6          7             5          6             4          5             3          4             
3
5     2
-0.638616892724034657113918456162  -0.39512973127476630486043518431
-0.806571916231226926363717666391 -0.185565604171404024969049828542
-0.857808520792195161597248898033  0.303965436208602834966541195172
 0.176664040556401030768185478337 -0.960860645863460316462578703067
 0.188526345605724343634790329816  0.719180444632936066717832090944
4
6     5
   0.987080379691678500009288654837     0.45129260822909478267916938421   -0.357536643729739922470400870225   -0.115970067002728327576477340699   -0.278830184371002376408910095051
  -0.834743571162457898005015977105 0.000952133469192223348860626419565   -0.515874207439466436753150446748   -0.574179006230965960355661081849 0.000353736461385442170230614111759
   0.260196290937862784176104469225   -0.987458317513039696144971912872    0.351666454228098945833380639669   -0.074488170120768623649887274496    0.228258408885897268181253139119
  -0.356697934445620923327169293771    0.605324247475304555443642584578    0.353406852884873889930616996935    0.782377814619418243680115665484    0.215112720766046455755926558595
  -0.116900963772890276182181423792    -0.12501147388160166462611755378    0.779399678958277997153913929651    0.118901114851437769703856872638   -0.680517834790916098519630850205
   0.161685714394251806025337714345   -0.231224247769202528868248691651   -0.122781066559298712714820567271    0.389755675397159939699065489549    0.881871675601148541367990674189
5
5     6
    0.986924188684978331842501120263     0.835257054894604444861272440903    -0.260397488645911834304058629641     -0.35670985511261676936811682026    -0.116342023467959132521087894929     -0.16069127714214623270372328534
   -0.450763316353019916071787065448  7.22685245584820529218816886896e-05    -0.987541311147176359419574964704    -0.607212985551899842029399678722      0.12711167551580435097768884134    -0.228465574629233308945330804818
    0.356225224596785128294840205854    -0.515001146316191871221690234961     0.349782980322037473364105153451    -0.353836752918791797029030021804    -0.782338326791035654217409955891    -0.124393929227119198754891726821
   -0.116803694704058852460448747479     0.573020315708299587953433729126    0.0726474982299631505400228093094     0.780731305839260536494350617431      0.11939299482120104001214855316    -0.393287452265884185376165760317
    0.279561070621283769277454211988 -0.000591412428128983147512798268508     0.230777639876322410161790799066    -0.212794804164432638238224626548     0.677048743941020547687514863355     0.882668437960142937548368990974
6
2     5
 0.637601380942840911814073479036  -0.80675437140732053631353437595 -0.858545618399877419335552986013 -0.178110464507379773202444539493   0.18608533461136686493198055814
-0.394763365768735441374559513861  0.187445039231626864317803438098 -0.301367770441293536531901509079 -0.959681223694835661142121807643 -0.721127943974618990097269488615
5
4       5        5       6        6       5        7       2        3       2        4
7          6             6          5             5          4             4          3             
4
2     5
-0.638616892724034657113918456162 -0.806571916231227037386020128906 -0.857808520792195383641853823065   0.17666404055640094750145863145  0.188526345605724288123639098558
-0.395129731274766193838132721794   -0.1855656041714040804802010598  0.303965436208602945988843657688 -0.960860645863460094417973778036   0.71918044463293617774013455346
5
5     6
   0.987080379691678722053893579869    -0.83474357116245778698271351459    0.260196290937862728664953237967   -0.356697934445620923327169293771   -0.116900963772890276182181423792    0.161685714394251750514186483088
   0.451292608229094949212623077983 0.000952133469192279618953378417245   -0.987458317513039363078064525325    0.605324247475304666465945047094   -0.125011473881601775648420016296   -0.231224247769202528868248691651
  -0.357536643729739977981552101483   -0.515874207439466436753150446748    0.351666454228099001344531870927    0.353406852884873945441768228193    0.779399678958277886131611467135   -0.122781066559298712714820567271
  -0.115970067002728272065326109441   -0.574179006230965960355661081849  -0.0744881701207685403831604276093    0.782377814619418354702418127999    0.118901114851437797459432488267    0.389755675397159773165611795775
  -0.278830184371002431920061326309 0.000353736461385367739751472981879    0.228258408885897434714706832892    0.215112720766046428000350942966   -0.680517834790916431586538237752    0.881871675601148097278780824126
6
6     5
    0.986924188684978220820198657748    -0.450763316353019916071787065448     0.356225224596785294828293899627    -0.116803694704058907971599978737     0.279561070621283880299756674503
    0.835257054894604444861272440903   7.2268524558623351570010862055e-05    -0.515001146316191760199387772445     0.573020315708299587953433729126 -0.000591412428129144368375846863017
   -0.260397488645911778792907398383    -0.987541311147176026352667577157     0.349782980322037528875256384708    0.0726474982299631227844471936805     0.230777639876322437917366414695
    -0.35670985511261676936811682026    -0.607212985551900064074004603754    -0.353836752918791852540181253062     0.780731305839260536494350617431    -0.212794804164432638238224626548
   -0.116342023467959132521087894929     0.127111675515804323222113225711    -0.782338326791035765239712418406     0.119392994821201109401087592232     0.677048743941020547687514863355
   -0.160691277142146260459298900969    -0.228465574629233392212057651705    -0.124393929227119268143830765894    -0.393287452265883963331560835286      0.88266843796014304857067145349
7
5     2
 0.637601380942840689769468554005 -0.394763365768735441374559513861
 -0.80675437140732053631353437595  0.187445039231626947584530284985
 -0.85854561839987775240246037356 -0.301367770441293647554203971595
-0.178110464507379634424566461348 -0.959681223694835661142121807643
  0.18608533461136661513180001748 -0.721127943974618879074967026099
5
4       5        5       6        6       5        7       2        3       2        5
7          7             6          6             5          5             4          4             3          3             
3
2     2
-0.806219463094626664911857005791 -0.187700308473600141478954128615
-0.187700308473600196990105359873 -0.719892062983483738136669671803
4
5     5
 -0.697350198333149928764385094837   0.319141107660102674170587988556   0.252110191493762680892132266308   0.083281992125710010976824548834  -0.197745448460426853642957212287
  0.319141107660102674170587988556  -0.402861830340220439250487061145    0.43015934133955424645279208562 -0.0898655638702456488475789342374  0.0943404926591639159116908786018
  0.252110191493762514358678572535   0.430159341339554301963943316878   -0.24974412103109594474048549273  -0.552347256956136734018514289346   0.151046198936899356279894846011
 0.0832819921257101497547026269785 -0.0898655638702456488475789342374  -0.552347256956136845040816751862 -0.0841864634140782053250973149261  -0.478908218784202754925161116262
 -0.197745448460426909154108443545  0.0943404926591639991784177254885   0.151046198936899467302197308527  -0.478908218784202865947463578777  -0.360846197411938351962135129725
5
6     6
 0.000547712269032637425608678327649    -0.590432169093810910176500783564    -0.368435711581815039661336186327 -0.000583441519258277732987161279254  0.000413869237980865785353490338139     -0.22790652721314513806660784212
   -0.590432169093810910176500783564  0.000688176600296083978806904735137 -0.000358288820704375345418957188315    -0.364679526134763842826203017466    -0.405496760867947614315198734403  0.000387117266281116487527946823377
   -0.368435711581815095172487417585 -0.000358288820704381200110688610039 -1.19159500960078733322600186284e-05    -0.495425831361672119879102638151       0.1030246008222906739515423169 -0.000128372270994984993830456687647
-0.000583441519258242821677207246012    -0.364679526134763898337354248724    -0.495425831361672119879102638151  9.11409772532349032880816253055e-05  -0.00101263812229035465861670672894     0.174539479104806077858214052867
 0.000413869237980903081908223839491    -0.405496760867947614315198734403     0.103024600822290757218269163786   -0.0010126381222903702711279905202 -6.06723968323424900361828804307e-05    -0.554242018400004310407780394598
    -0.22790652721314513806660784212  0.000387117266281121474857940256697 -0.000128372270995007545235644386139     0.174539479104806050102638437238    -0.554242018400004421430082857114 -0.000828493838605968979660332252024
6
5     5
  0.698225661752658655068159987422   0.319009689375966687396868337601   0.252361919990220340270781207437 -0.0826419459305778869584457879682  -0.197045755183720500136601572194
  0.319009689375966687396868337601   0.402911628244795372300046665259   -0.42918608506947975023138042161  -0.089094870744792553640678534066 -0.0939809341476715576213507574721
  0.252361919990220340270781207437   -0.42918608506947975023138042161   0.250517062343423579928725075661  -0.551249669826409660622346109449  -0.151385465843861699575256807293
-0.0826419459305778036917189410815  -0.089094870744792525885102918437  -0.551249669826409660622346109449  0.0847567936716736858304699353539  -0.480771953797431206290013960825
 -0.197045755183720555647752803452 -0.0939809341476715298657751418432  -0.151385465843861671819681191664  -0.480771953797431261801165192082   0.359840916521058762356233273749
7
2     2
  0.80644843440175018045579236059 -0.187057250162862731546198347132
-0.187057250162862731546198347132  0.720833582393818783629058088991
5
4       5        5       6        6       5        7       2        3       2        4
6          7             5          6             4          5             3          4             
3
5     2
-0.644040816830195428366323540104  0.401806707447575794933669612874
-0.801365356137385687063101613603  0.182628640051431756496924663224
 0.874561737902917246678669016546  0.363628388537218738552070362857
 0.159279916835215973325290406137  0.940146593679539455123972402362
-0.185473475832861278700391949315  0.751971056830804895909636798024
4
6     5
   0.989756266944900264803663958446    0.455256988397038986349230071937    0.365407837963796056079956997564   -0.135367356618258050104941503378    0.283476770653824428070066687724
   0.835380090263144969853215116018 -0.00127115382615322169805593954806   -0.479516788342373601050638853849    0.612800102143375657881563256524 0.000692206408236170894071603854059
   0.262370305578051632444669394317   -0.981789490222889749126977676497   -0.357858633531710490505162169939   -0.067177715243590591098765685274   -0.224594473475842576482008894345
   0.364644053173143578572279466243   -0.616808528172036241166154013627    0.265739419656478792486353768254   -0.807311808524254548302678813343    0.257251612275242291794086213486
  -0.136194708433837796679455323101   -0.112939749582326387500330611147   -0.804465781449674954828310546873    0.227308444699729217397532465839    0.665928448374769499373826420197
  -0.164397121798379924895172621291    0.227324086836417665891119099797   -0.147272502553203010755566992884   -0.382156288140234223771329880037     0.92122278267301349607976135303
5
5     6
    0.989659078195841868108573180507     -0.83581721692408927903983340002    -0.262542769328857061861270949521     0.364641221892221867317829264721    -0.135703594200058785812501582768     0.163312232060659118237921916261
   -0.454809655192085771080456879645  -0.00042259927172791004025900751806    -0.981906646609644440104602836072     0.618746980366715160215562718804     0.114590610582701812880657143978     0.224835070619755134080364200599
   -0.364140552552852381218428945431    -0.479045481771330827758248460668    -0.355879514811575259347620203698    -0.266492596725583175132356927861     0.807486104252157832483760557807    -0.148471015290461277880140755769
   -0.135768167879391249419640530505    -0.611369811914804883734575469134    0.0657727097991845227609175594807    -0.805443459008906792462312296266     0.227547224034239992107586658676     0.385347501200303421686754745679
   -0.284175325839957804152646758666 -0.000510020994652404845506876718275    -0.226813144159705465385812317436    -0.255190401886497220118599216221    -0.663034379165547749224174367555     0.921820856962901391540299300686
6
2     5
 0.643207751758441248490782982117 -0.801663553465521649954439453722   0.87513259605062387880280994068 -0.160563226815893134169499489872 -0.183226781356776335929481547282
 0.401128379198603779443033090502 -0.184229016831155362199368141773  -0.36076069731213522562285334061  0.939754495662998401428467332153 -0.753433289364587865932776367117
5
4       5        5       6        6       5        7       2        3       2        4
7          6             6          5             5          4             4          3             
4
2     5
-0.644040816830195206321718615072 -0.801365356137385687063101613603  0.874561737902917357700971479062  0.159279916835215945569714790508 -0.185473475832861306455967564943
 0.401806707447575850444820844132  0.182628640051431673230197816338  0.363628388537218683040919131599  0.940146593679539677168577327393  0.751971056830805006931939260539
5
5     6
   0.989756266944900375825966420962    0.835380090263144969853215116018    0.262370305578051632444669394317    0.364644053173143800616884391275   -0.136194708433837630146001629328    -0.16439712179837995265074823692
   0.455256988397039097371532534453 -0.00127115382615310438738087661648   -0.981789490222889749126977676497   -0.616808528172036241166154013627   -0.112939749582326276478028148631    0.227324086836417721402270331055
   0.365407837963796111591108228822   -0.479516788342373545539487622591   -0.357858633531710546016313401196    0.265739419656478681464051305738   -0.804465781449674843806008084357   -0.147272502553203010755566992884
  -0.135367356618258105616092734635    0.612800102143375657881563256524  -0.0671777152435906188543413009029   -0.807311808524254659324981275859    0.227308444699729161886381234581   -0.382156288140234223771329880037
   0.283476770653824372558915456466 0.000692206408236301540433388357343   -0.224594473475842548726433278716    0.257251612275242347305237444743    0.665928448374769499373826420197    0.921222782673013607102063815546
6
6     5
    0.989659078195841868108573180507     -0.45480965519208588210275934216    -0.364140552552852381218428945431    -0.135768167879391221664064914876    -0.284175325839957804152646758666
   -0.835817216924089390062135862536 -0.000422599271727976393431963630931    -0.479045481771330827758248460668    -0.611369811914804883734575469134 -0.000510020994652594038785975438799
   -0.262542769328857172883573412037    -0.981906646609644440104602836072    -0.355879514811575314858771434956    0.0657727097991845505164931751096    -0.226813144159705298852358623662
    0.364641221892221756295526802205     0.618746980366715160215562718804    -0.266492596725583286154659390377    -0.805443459008906570417707371234    -0.255190401886497331140901678737
   -0.135703594200058869079228429655     0.114590610582701840636232759607     0.807486104252157832483760557807     0.227547224034240019863162274305    -0.663034379165547416157266980008
    0.163312232060659090482346300632     0.224835070619755245102666663115    -0.148471015290461333391291987027     0.385347501200303310664452283163     0.921820856962901391540299300686
7
5     2
 0.643207751758441137468480519601  0.401128379198603779443033090502
-0.801663553465521427909834528691 -0.184229016831155334443792526145
  0.87513259605062387880280994068 -0.360760697312135281134004571868
-0.160563226815893134169499489872  0.939754495662998512450769794668
-0.183226781356776363685057162911 -0.753433289364587976955078829633
5
4       5        5       6        6       5        7       2        3       2        5
7          7             6          6             5          5             4          4             3          3             
3
2     2
-0.801443912903278432580123080697  0.184640683069987765474451180125
  0.18464068306998790425232925827 -0.752052302529638616590546007501
4
5     5
 -0.699257824067419875291307107545   0.321694656881083229649220811552  -0.257929497531138196553257557753  0.0966904700702712616156020430935   0.201198846184555718563657933373
  0.321694656881083174138069580295  -0.400887069504268445108152718603  -0.438306976250708246745091400953 -0.0806884699413452505245558654678 -0.0927347600469053817695552766054
  -0.25792949753113825206440878901  -0.438306976250708246745091400953   -0.18737328875056247223795935497   0.569847748217458205388652459078   0.181171708114395424438214377005
 0.0966904700702712338600264274646 -0.0806884699413453060357070967257   0.569847748217458205388652459078  -0.161408564772955398503029300628   0.468966045112801432903637532945
  0.201198846184555746319233549002 -0.0927347600469053678917674687909   0.181171708114395396682638761376   0.468966045112801432903637532945  -0.376368644583040978801591336378
5
6     6
 0.000489530071865822927895672833642     0.590811837995544153478988391726    -0.371554043503677267068496803404  0.000637910052972452158714933290184  0.000308136486518914218257769732645     0.231829790415117364954511458564
    0.590811837995544264501290854241  0.000719101843794313811027152372191  0.000341746973869605161211460142567    -0.338742559899995576699893717887     0.433036940185815122372758878555  0.000491504204973991043296777103677
   -0.371554043503677322579648034662  0.000341746973869649071399445805497  1.37946251624627286291868699664e-05     0.505014354999393288991882400296    0.0925823568577367750354056852302  0.000108706275434605759144801595539
 0.000637910052972446954544505359763    -0.338742559899995632211044949145     0.505014354999393288991882400296  0.000197710994538915010854118747829  0.000896597979699629427097207212682     0.209295204563635928174392120127
 0.000308136486519019169028066329474     0.433036940185815233395061341071    0.0925823568577367750354056852302  0.000896597979699605140968543537383 -0.000480065367030893530575497152313     0.542437422635913768509396959416
    0.231829790415117392710087074192  0.000491504204973962854040292480562  0.000108706275434595350803945734697     0.209295204563635928174392120127     0.542437422635913879531699421932 -0.000622499502382078961915112813585
6
5     5
  0.700100226531685132513871394622   0.321595457544495033630482794251  -0.258299042991455174433923502875  -0.096003232442125635559548868514   0.200365684802488536186970691233
  0.321595457544495089141634025509   0.401005963281789334917704081818   0.437230435656914662168048835156 -0.0801565536312234261373532717698  0.0924040802535135707973523722103
 -0.258299042991455229945074734133   0.437230435656914717679200066414   0.188844851999226237548867857186   0.568880659744646521858157939278  -0.181189172963128503068830355005
 -0.096003232442125635559548868514 -0.0801565536312234122595654639554   0.568880659744646632880460401793    0.16078662872960106100528321349   0.470817753536551641957430547336
  0.200365684802488536186970691233  0.0924040802535135152862011409525  -0.181189172963128530824405970634   0.470817753536551641957430547336   0.375612825218402668348005590815
7
2     2
0.801859221885236062021817815548 0.183986099985767342923637102103
0.183986099985767370679212717732 0.752758531928593876969557641132
