17
5
3       5        2       2        5       5        6       2        4       6        5
6          6             5          5             4          4             3          3             2          2             
2
2     2
  -2.75255065017642719382706673059 -0.0206508728478408259965348747755
-0.0206508728478407219131263161671   -1.55160769324614622455271728541
3
5     5
    -4.10920871648791674601852719206  -0.00101463000718760585142086405597     -0.17271150440509791534893224707    -0.029498853283012958781394985408  2.91360415742608798439494677268e-05
 -0.00101463000718750263537404343595     -2.75250195724567570110252745508 -0.000104991530462808686785525225105  0.000236194452146577240844727008096   -0.0215471891421988095971506993465
   -0.172711504405097970860083478328  -0.00010499153046297391919661201598     -2.12546882811748671926466158766    0.0495131091878126400329662715194  0.000353051193784125957875197343583
  -0.0294988532830127922479412916346  0.000236194452146696936764569407785    0.0495131091878127510552687340351     -2.37845663846808896835227642441  -0.00141208361394514272935118981422
 2.91360415743801420829228732146e-05   -0.0215471891421986638803787172947  0.000353051193784124223151721366776   -0.0014120836139454055399578003005     -1.55167876103889201822028098832
4
6     6
    -4.59557426201563412604400582495  -0.00266856515445553594753635984205  -0.00011702524996668027415600704666 -0.000284008816412466042096440776987  7.93495473097372195801432748219e-05 -4.30313608365245344822627715509e-05
 -0.00266856515445575365533259493134     -4.10918001374083896592992459773  -0.00115242946724424585175361457345    -0.172807912431202304048838414019    0.0300440169027818143598906885927  2.69498369219493480453131439845e-05
-0.000117025249967251215020037913295  -0.00115242946724451386653065299015     -2.75247398711830548734269541455 -9.57140109444738415578335377631e-05 -1.03789502818216715362975577364e-05    0.0224055377556727150500925915821
-0.000284008816412337672559218493262    -0.172807912431202082004233488988 -9.57140109443832022562137495925e-05     -2.12510266891683352596942313539   -0.0488896739441077796128887200666 -0.000318320142299235303573468058858
 7.93495473097521138074877944391e-05    0.0300440169027814500679607334632 -1.03789502817167207660009609071e-05   -0.0488896739441078906351911825823     -2.37890576443000556494666852814  -0.00184532369560764034077671169598
-4.30313608363147684669411385805e-05  2.69498369219536848540030860022e-05    0.0224055377556727566834560150255 -0.000318320142299252650808227826928  -0.00184532369560739921421355091979     -1.55174592555228563206526359863
5
5     5
     -4.1092107230017402841326656926 -0.000978977800757900541370193359114    -0.172779302675734741656654591679    0.0291246066549807267054283954621  7.62115576781819195617551088162e-05
 -0.00097897780075871868032955092076      -2.7524665671250243548229263979 -5.98912373733200692482725457921e-05  0.000216317227633518530116596423341     0.023224453580412800224319624931
   -0.172779302675734630634352129164 -5.98912373733877234638356412688e-05     -2.12418921485486489331151460647   -0.0461167275116614316932128758708 -0.000185022830079862449226268950042
   0.0291246066549805462941868938742  0.000216317227633188932656160829993   -0.0461167275116611055651993922311     -2.37976913994120309325808193535   -0.0017915934777436026692498671764
 7.62115576781775827530651667985e-05    0.0232244535804125712408207959925 -0.000185022830079824285309797460286   -0.0017915934777436009345263911996     -1.55180806267838788947699413256
6
2     2
 -2.75248029986996645135377548286  0.024003881383004587596330381416
0.0240038813830045077990504864829  -1.55186345412831827594857259101
5
3       5        4       6        5       5        6       2        2       2        5
6          6             5          5             4          4             3          3             2          2             
2
2     2
    1.00000000000000022204460492503 1.00613961606654811475891619921e-16
1.76941794549634323630016297102e-16     1.00000000000000155431223447522
3
5     5
     1.00000000000000022204460492503 -1.70816052275091223577874188777e-16  1.70111320862975645695769344456e-16 -3.90312782094781596242683008313e-17 -4.64255370258292998641991289333e-16
-1.91253263226442982158914674073e-16      1.00000000000000266453525910038 -2.03396327558280631819798145443e-16 -3.25260651745651330202235840261e-17 -2.75821032680312328011495992541e-16
 1.18069616583671432863411610015e-16 -2.01661604082303824725386220962e-16      1.00000000000000266453525910038 -1.12225766873974563964111439418e-15   3.1138286393783687344694044441e-16
 -4.1091262337200618048882461153e-17  -5.3559587320783919039968168363e-17 -1.00006808390062928992847446352e-15      1.00000000000000222044604925031 -2.62810606610486274803406558931e-16
-4.72928987638177034114050911739e-16 -1.85615411929518359102075919509e-16  2.61075883134509467708994634449e-16 -1.83013326715553148460458032787e-16      1.00000000000000155431223447522
4
6     6
    0.999999999999998889776975374843  2.97477124042763024780455793916e-16  2.87444865815483091564530582218e-17 -5.44070437845118465292060250249e-17 -3.39524263060940120761976857011e-16  1.36411268023516052405597065444e-16
 2.93763308085526544943810733912e-16     0.999999999999999555910790149937 -2.71050543121376108501863200217e-18  6.26668855696621562856307718903e-17  3.92481186439752605110697913915e-17 -9.15066633577765742302290163934e-17
-1.85678092367615177327166975374e-17  1.14925430283463470004789996892e-17      1.00000000000000155431223447522  1.90819582357448780385311692953e-16 -1.85181731060524157328472938389e-16  1.63064006741819866874720901251e-16
-2.56439224781239427652934637081e-18  1.96240593219876302555348956957e-17  1.44415729375069190609792713076e-16      1.00000000000000266453525910038 -8.49580822359641274488240014762e-16 -2.89698820488126784766791388392e-16
-3.07297412274992569336529157908e-16  4.03323208164607649450772441924e-17 -1.72171304990698104120383504778e-16 -8.87744738831131030565302353352e-16      1.00000000000000266453525910038 -1.75207071073657516535604372621e-16
 1.03639563294247172287043667893e-16 -6.59194920871186695876531302929e-17  6.93889390390722837764769792557e-17 -1.83880688453541552007663995028e-16 -1.17961196366422882420010864735e-16      1.00000000000000199840144432528
5
5     5
     1.00000000000000044408920985006  3.65592972562112095147313084453e-16  5.20417042793042128323577344418e-17 -1.86265933233009661762480391189e-16 -1.93421667571413991026929579675e-16
 3.69604520600308461553140659817e-16      1.00000000000000111022302462516  1.85615411929518359102075919509e-16 -3.13117587413813680541352368891e-16 -1.73472347597680709441192448139e-17
 1.14925430283463470004789996892e-17  1.84748050191529955554869957268e-16      1.00000000000000111022302462516  1.44849410244063392383395694196e-16 -5.20417042793042128323577344418e-18
-1.43765208071577887949388241395e-16 -3.13117587413813680541352368891e-16  6.24500451351650553988292813301e-17      1.00000000000000088817841970013  1.19695919842399689514422789216e-16
-6.41847686111418624932412058115e-17  5.37764277552810199267696589231e-17  2.60208521396521064161788672209e-17 -3.46944695195361418882384896278e-18      1.00000000000000022204460492503
6
2     2
     1.00000000000000088817841970013 -4.56232274181900265830336138606e-16
-5.10008701937181285757105797529e-16      1.00000000000000133226762955019
5
3       5        4       6        5       5        6       2        2       2        4
5          6             4          5             3          4             2          3             
2
5     2
 0.802813125711329345080002894974  0.456539702027445204457478666882
 -0.86161308047724793901522843953  -0.13863107669141838673709798968
 0.675892336129400139732581465069 -0.540283690078775857834614271269
-0.150435428419868899574396436947  0.716715472981880430403123227734
-0.141225941130854598659638554636 -0.831609868768108717596021506324
3
6     5
   -1.03335889191578078616373659315  0.00216416519372801671380890375929   -0.156646757799767277763436368332    -0.49579914795697871410240509249 0.000828067753044023770019055330494
   0.789088200518940907635112580465   -0.567340455017075306898277631262   -0.304734771435978657461163265907  -0.0954757687271305666154574964821   -0.323167876023653266592816635239
   0.326996966004318490028879296005     1.05513473409422453563877297711    0.276376661734290651750711731438  -0.0634611627408977335695894339551    0.170429034297696624378204433015
  -0.302793792368639236300964512338   -0.477691650918779131540503612996     0.12607888481787957180024761783    0.781057685225873488121806076379    0.382768203197896339506911544959
  0.0935467589006803018625291201715   -0.107706865263986359404491111036   -0.780822781550312261522606149811   -0.662826197514716497494191571604    0.507679205104667574666166274255
  -0.186497078419587097863896474337   -0.172972956769149921463224472973    0.217382775059867694444903918338   -0.290816407576319546635090773634    -1.02024530132167634555173663102
4
5     6
    1.02412416881880852237429735396    0.800709581848658480396352388198   -0.327230733725574207682029737043   -0.303837640803006736600622161859   0.0926988998655536994286663343701    0.186776064699410604408313929525
 -0.0031911601913157247242813774335    0.566331361404725286412542573089     1.05531356073901627645739154104    0.478236332425370280763132768698    0.109362546892203815751543061197   -0.170575253319040498478642575719
   0.164863416222532643828913023754   -0.303029890439957816372640309055   -0.275817655049515275678118086944    0.133718078712082882875122891164   -0.786960097793085289197279053042   -0.219207319169881648113218375329
  -0.495193203920276159291091744308   0.0878576554299494300037665084346  -0.0651816808258592755853655376086   -0.781373097898910740077837999706    0.654562146523264054565061087487   -0.295292130594062285364742592719
0.000614315542466662345075234519243   -0.323381617353152239768832032496   -0.172482133973520801450973749525    0.377526467982190694350208559626    0.504233297647826206322463349352     1.02223363954351453841695729352
5
2     5
 0.800555478714924495520222080813  0.862053755356895878847467429296  0.676056896980524291151937177347  0.159352031997901655291371980638 -0.138983695362609571688494725095
-0.457821870728079782786323903565 -0.140019918288987549326307657793  0.529983517813058080392352167109  0.717841873295424703904643592978  0.836492965104923991148666573281
5
3       5        4       6        5       5        6       2        2       2        4
6          5             5          4             4          3             3          2             
3
2     5
 0.802813125711329345080002894974 -0.861613080477247827992925977014  0.675892336129400028710279002553 -0.150435428419868982841123283833 -0.141225941130854598659638554636
 0.456539702027445315479781129397 -0.138631076691418275714795527165 -0.540283690078775746812311808753  0.716715472981880319380820765218 -0.831609868768108717596021506324
4
5     6
   -1.03335889191578078616373659315    0.789088200518940796612810117949    0.326996966004318434517728064748   -0.302793792368639180789813281081    0.093546758900680315740316927986   -0.186497078419587153375047705595
 0.00216416519372815635904871989226   -0.567340455017075306898277631262     1.05513473409422453563877297711   -0.477691650918779298073957306769   -0.107706865263986428793430150108   -0.172972956769149782685346394828
  -0.156646757799767277763436368332   -0.304734771435978657461163265907    0.276376661734290762773014193954    0.126078884817879544044672002201   -0.780822781550312150500303687295    0.217382775059867666689328302709
  -0.495799147956978769613556323748  -0.0954757687271305249820940730388  -0.0634611627408977890807406652129     0.78105768522587371016641100141    -0.66282619751471660851649403412   -0.290816407576319602146242004892
0.000828067753043918385567889739463   -0.323167876023653211081665403981     0.17042903429769673540050689553    0.382768203197896339506911544959    0.507679205104667574666166274255    -1.02024530132167634555173663102
5
6     5
    1.02412416881880852237429735396 -0.00319116019131573469894136430014     0.16486341622253272709563987064   -0.495193203920276214802242975566 0.000614315542466687606985853431496
   0.800709581848658480396352388198    0.566331361404725064367937648058   -0.303029890439957816372640309055   0.0878576554299493467370396615479   -0.323381617353152239768832032496
  -0.327230733725574207682029737043     1.05531356073901627645739154104   -0.275817655049515220166966855686   -0.065181680825859317218728961052    -0.17248213397352091247327621204
  -0.303837640803006681089470930601    0.478236332425370280763132768698     0.13371807871208299389742535368   -0.781373097898910629055535537191    0.377526467982190583327906097111
  0.0926988998655538382065444125146    0.109362546892203843507118676825   -0.786960097793085178174976590526    0.654562146523263943542758624972    0.504233297647826206322463349352
   0.186776064699410576652738313896   -0.170575253319040553989793806977   -0.219207319169881592602067144071   -0.295292130594062229853591361461     1.02223363954351476046156221855
6
5     2
 0.800555478714924606542524543329 -0.457821870728079893808626366081
 0.862053755356895878847467429296 -0.140019918288987715859761351567
 0.676056896980524180129634714831  0.529983517813057969370049704594
 0.159352031997901599780220749381  0.717841873295424703904643592978
-0.138983695362609654955221571981  0.836492965104923880126364110765
5
3       5        4       6        5       5        6       2        2       2        5
6          6             5          5             4          4             3          3             2          2             
2
2     2
-0.861868922712462959268009399239 -0.140289576274975985592519123202
-0.140289576274976152125972816975 -0.833121704026708709278636888484
3
5     5
 -0.561435925740801700101201276993  -0.401009948747794997547799766835   0.214348302360544751277160457903  0.0668712550614193462772405496253  -0.228407963092521565373615999306
 -0.401009948747794997547799766835  -0.431089136149762519600869836722  -0.338664437859706013433935822832  0.0761645849351981624186791464126  -0.070346165632050094984606403159
  0.214348302360544779032736073532  -0.338664437859706013433935822832 -0.0879606130922893497681158692103  -0.552868141092653586632366113918   0.268283617296907861415888874035
 0.0668712550614193462772405496253  0.0761645849351981346631035307837  -0.552868141092653697654668576433  -0.467852848781254160304143852045  -0.357040914351571980756006041702
 -0.228407963092521593129191614935 -0.0703461656320501227401820187879   0.268283617296907861415888874035  -0.357040914351571980756006041702  -0.418501900014978278630195518417
4
6     6
  0.00850642011949888192379187756842    -0.727297039051798543951576903055   0.00218704618698442512098045753532    -0.112289308913465696315725494969     0.350873649984345004071428775205   -0.0005902950256502757526294589141
   -0.727297039051798543951576903055  -0.00759544872777315888123794707099    -0.462892853236136880834550311192 -0.000620516012192533434124741553717   0.00141850743508738458102669266481     0.264031174964592052489820162009
  0.00218704618698441644736307765129     -0.46289285323613693634570154245 -0.000531984910392278593366244265894    -0.390769996429513710722858377267   -0.0882659427665970636178727204424 -6.42144095722683994065249635241e-05
   -0.112289308913465654682362071526 -0.000620516012192601413600956394845    -0.390769996429513766234009608525  0.000713908092774811781772159591242   0.00150281041524626427993704957942    -0.310498365833206946273747917076
    0.350873649984345059582580006463    0.0014185074350873834968245201793   -0.0882659427665969803511458735557   0.00150281041524619142155105855352   0.00196073742128807185919336930624    -0.412848097094984323174315932192
 -0.00059029502565038092024019000803     0.264031174964592108000971393267 -6.42144095723135022169003605086e-05    -0.310498365833206946273747917076    -0.412848097094984212152013469677  -0.00256941634035566524030258506173
5
5     5
  0.562676394711168370577070163563  -0.400589932114776392513277869512  -0.215134504052924668826562992763  0.0637094701353551062794622339425   0.228900407972655400845596318504
 -0.400589932114776392513277869512   0.430169823967681386189809700227  -0.338363769482644516362057629522 -0.0794522032960738311402337785694 -0.0703347304016189583952822772517
 -0.215134504052924696582138608392  -0.338363769482644516362057629522   0.100196417803668155754870383589  -0.554389109213587749636076296156  -0.266830240270758523024596797768
 0.0637094701353551617906134652003 -0.0794522032960738311402337785694  -0.554389109213587971680681221187   0.460125712292164756878065645651  -0.360059349321184662962025413435
   0.22890040797265551186789878102 -0.0703347304016189167619188538083   -0.26683024027075846751344556651  -0.360059349321184773984327875951   0.414982243298915365325996162937
6
2     2
 0.861388893797471300040058395098 -0.139849274298814635342225187742
-0.139849274298814663097800803371  0.834484872397700638835260633641
5
3       5        4       6        5       5        6       2        2       2        4
5          6             4          5             3          4             2          3             
2
5     2
-0.799036729912187215774110882194  0.449252078178156155630063040007
-0.863508466294201304513933337148  0.146873824667855451542308742319
-0.557187957365928077102523729991 -0.253281289131769449252118420191
 -0.39441053744391646462830181008 -0.827028367755051840859437106701
 0.145825189570147534245947440468 -0.821441869741439179009034887713
3
6     5
     1.0218005964449017319850554486 -0.00314076934265071104276922930865    0.333980156169398856302876765767   -0.406999840146896552095512333835 0.000761555541693868928362909365148
    0.80051452336183304137051663929    0.565273013109478639215410566976   -0.317553897899435833007686369456  -0.0310338730709548808739395298062   -0.317280501450488083836631858503
  -0.326650049209123438664903460449     1.05701193849674468516752767755   -0.227369591547487037708208390541   -0.161125817994298647928275158847   -0.180737044673769303715360479146
  -0.319836836027341864241435587246    0.393258452972399419333981995806    0.738705537344462981330650563905   -0.750930058240029452143460275693     0.17846543589495006409961774807
   0.029154450215700740411950420139   -0.279067957445736258836888055157    0.750266381252849057226228524087  -0.0498643137901026850533625633943   -0.583764804832425210356916522869
  -0.183311694410011077893685182971    0.178855517936811592161205908269    0.105367927289600440965422478712    0.339960477627765156327654949564    -1.00441759768923466467072103114
4
5     6
   -1.03102927764878637972856267879    0.788923583134155448348678874027     0.32641831690856287773172539346   -0.319204140931407809311792789231   0.0279667920812214504389103808535    0.183001469606330541273209178144
 0.00219074368030721527977888740679   -0.566263996530366298109981926245     1.05685213015547629922252781398   -0.393359459013900070178948453758    0.277293600141064910946653299106    0.181187261731871912529001633629
  -0.326458719417275833318825561946   -0.321885116588939756976373018915    0.228531955870517139439712650528    0.730978592373197955112118506804    0.750483888064019444286145699152     -0.1051467097465504096920341226
  -0.410577877528185863909016006801   0.0244717497613282340684914828444   -0.159819490332332725390784844421    0.756844750865848236998090214911   0.0580930505963676430125630645307    0.335223085568169265613391871739
0.000599895256286989489447059042959   -0.317085353281203574660196409241    0.178713549077905570205970775532    0.181995993907225095398416669923   -0.588744620908770777134577656398     1.00248773330357798805323454872
5
2     5
-0.801249951528155923696772333642   0.86311328314876289979906687222 -0.560287325085446430428248731914  0.386186516240885402417859495472  0.147982315246535017783102716749
-0.447940609336601180956449752557  0.145480932225079850894644550863  0.262761012670765625731661430109 -0.829494501228460245911833226273  0.816707773006311477104190998944
5
3       5        4       6        5       5        6       2        2       2        4
6          5             5          4             4          3             3          2             
3
2     5
-0.799036729912186993729505957162 -0.863508466294201082469328412117 -0.557187957365927966080221267475  -0.39441053744391646462830181008  0.145825189570147867312854828015
  0.44925207817815610011891180875   0.14687382466785542378673312669 -0.253281289131769393740967188933 -0.827028367755051729837134644185 -0.821441869741439067986732425197
4
5     6
    1.02180059644490150994045052357    0.800514523361833152392819101806   -0.326650049209123105597996072902   -0.319836836027341808730284355988   0.0291544502157007473508443240462   -0.183311694410011188915987645487
-0.00314076934265028126502805605469    0.565273013109478972282317954523     1.05701193849674468516752767755    0.393258452972399530356284458321   -0.279067957445736591903795442704    0.178855517936811536650054677011
   0.333980156169398911814027997025   -0.317553897899435777496535138198    -0.22736959154748706546378400617    0.738705537344462981330650563905    0.750266381252849168248530986602    0.105367927289600510354361517784
   -0.40699984014689644107320987132   -0.031033873070954648420993748914   -0.161125817994298536905972696331   -0.750930058240029119076552888146  -0.0498643137901027683200894102811    0.339960477627765045305352487048
0.000761555541693998382102304134378    -0.31728050145048791730317816473    -0.18073704467376919269305801663    0.178465435894949953077315285555   -0.583764804832424988312311597838    -1.00441759768923466467072103114
5
6     5
   -1.03102927764878637972856267879  0.00219074368030691473893667442496   -0.326458719417275944341128024462   -0.410577877528185919420167238059 0.000599895256287179224827244006235
    0.78892358313415511528177148648    -0.56626399653036618708767946373   -0.321885116588939812487524250173   0.0244717497613282687629610023805   -0.317085353281203685682498871756
   0.326418316908563155287481549749     1.05685213015547696535634258908    0.228531955870517167195288266157   -0.159819490332332919679814153824    0.178713549077905431428092697388
  -0.319204140931407753800641557973   -0.393359459013899959156645991243     0.73097859237319806613442096932    0.756844750865848348020392677427    0.181995993907225039887265438665
  0.0279667920812214573778042847607    0.277293600141064855435502067849    0.750483888064019333263843236637   0.0580930505963676915848203918813   -0.588744620908770999179182581429
   0.183001469606330430250906715628    0.181187261731871690484396708598   -0.105146709746550603981063432002    0.335223085568169210102240640481     1.00248773330357798805323454872
6
5     2
-0.801249951528156256763679721189 -0.447940609336600958911844827526
 0.863113283148763121843671797251   0.14548093222507965660561524146
 -0.56028732508544654145055119443  0.262761012670765625731661430109
  0.38618651624088545792901072673 -0.829494501228459912844925838726
 0.147982315246534934516375869862  0.816707773006311477104190998944
5
3       5        4       6        5       5        6       2        2       2        5
6          6             5          5             4          4             3          3             2          2             
2
2     2
-0.862768045522594451135489634908   0.14663623385464219506246763558
 0.146636233854642084040165173064 -0.819911063140793427983510355261
3
5     5
 -0.562552932900875268806828444212   0.399875279260882621201744768769   0.225856815037546093671849689599  0.0205449326890547213919635538559  -0.224570638250135012903285769426
  0.399875279260882510179442306253  -0.430812515464728595926402476834   0.279018224846775353409356057455   0.197204377052127455272056977265  0.0736603537190029244996480883856
  0.225856815037546149183000920857    0.27901822484677546443165851997  -0.522647890406320203560142090282    0.52982553362029816135247983766     0.1277404465753898821223089044
 0.0205449326890547803725617370674   0.197204377052127427516481361636   0.529825533620297828285572450113 -0.0372745736623858250902152633444   0.414928928259401863520849929046
 -0.224570638250134929636558922539  0.0736603537190028412329212414988   0.127740446575389798855582057513    0.41492892825940175249854746653  -0.408121360866827431745917920125
4
6     6
 -0.00848210589225632978493951696919     0.725661823025982921642196288303  -0.00217705045189498392482763122757     0.234678779244726243291552236769     0.288156311782032492629923581262 -0.000557212562180581455831274162449
    0.725661823025983032664498750819   0.00759232042823353679705800090005     0.462045416716458268169276379922   0.00107538136282412256222729141086   0.00111629371218904837638474791817     0.258980623956642230787394964864
 -0.00217705045189509971761965267945     0.462045416716458268169276379922  0.000515854742144163450068283793826     0.321697550216819228019460297219     -0.22705608444442570981181006573  -6.6729966081897820057156067719e-05
    0.234678779244726243291552236769   0.00107538136282419975742197237878     0.321697550216819172508309065961  0.000155641064110893009159175548461  0.000641596790602860442276345054324    -0.147034285294441402491827375343
    0.288156311782032270585318656231   0.00111629371218906940990689413695    -0.227056084444425598789507603215  0.000641596790602917688151052288958   -0.0026817365537849784801194275019     0.478663546553400098826358544102
-0.000557212562180525727839608407521     0.258980623956642230787394964864 -6.67299660818895801206451778853e-05    -0.147034285294441374736251759714     0.478663546553400209848661006617   0.00245016302074810982114527746489
5
5     5
 0.561348925837756640433440225024  0.400285493725513974450080922907 -0.226323389030567867497012457534 0.0173047220762592018905579038801  0.224050848636886984488469920507
 0.400285493725513918938929691649  0.431715393145124970430970279267  0.280505246676922892490324557002 -0.194344951563830053986592361071 0.0736521618593460464241573504296
-0.226323389030567923008163688792  0.280505246676922892490324557002  0.512024474575517363206245136098  0.535421461845297708137536574213 -0.129969611167196741341456345253
0.0173047220762591290321719128542 -0.194344951563829942964289898555  0.535421461845297597115234111698 0.0435757739608137323328307388692   0.41264678962059042621746129953
 0.224050848636887095510772383022 0.0736521618593460186685817348007 -0.129969611167196658074729498367  0.412646789620590537239763762045  0.411449238403018391352361504687
6
2     2
0.863276942592399954001791684277 0.147013054594523850937548559159
0.147013054594524017471002252933 0.818507709460114529775864866679
