18
5
2       5        3       6        4       5        5       2        1       2        5
5          5             4          4             3          3             2          2             1          1             
1
2     2
 -0.999966964570349947649674504646 0.00810800681037848747223506506998
 0.0081080068103783209387813712965   0.999967131870121095360559593246
2
5     5
    -2.99114376061741893408907344565  0.000839476755011538122719372267966   0.00264431340892951061150029090641     0.162730456438372528271685268919 -7.63940057366130353955213649897e-06
 0.000839476755011281383644927700516    -0.999966850604940837854428536957 -7.02678662395372910509649955202e-06  -0.00011552354544827267424089711767  -0.00815331426973042727723850475741
  0.00264431340892889998883674707031   -7.026786623898217953865241725e-06    -0.999946178749484326786500787421   0.00731045474934405303812923193618   0.00136473860719449335832109682087
    0.162730456438372805827441425208 -0.000115523545448220632536617813457   0.00731045474934410854928046319401  -0.00890877691753989148226722250001 -1.14634586926287695973769586999e-05
 -7.6394005737445702663990232395e-06  -0.00815331426973042727723850475741    0.0013647386071945488694723280787 -1.14634586925489723174820255736e-05     0.999965832685540290114545314282
3
6     6
    -2.99110752198268681212312003481  3.46470077038684765892428973899e-05   0.00109191523034332660380130164413   0.00267920776094185755789034431018     0.163059090229466269184044335816 -5.55838269054864664298065690673e-06
 3.46470077037866464302745539428e-05     -1.99999891043602961993030930898  7.71322057145400742064929311415e-06   0.00104402223935569035163928308663 -2.06062738506843469023341493263e-06  4.06987824003375201582441422765e-05
  0.00109191523034321558149883912847  7.71322057132734211371688504144e-06    -0.999966736582061588300973653531 -1.03686899648736119416980727692e-05 -0.000451355932867638677541410885397   0.00817778421789724929702458666725
  0.00267920776094157653268723606743   0.00104402223935558973767767643182 -1.03686899649013675173137016827e-05    -0.999945706151505575576265982818   0.00740379240203944098686061892067  -0.00150334285722797389439620019402
    0.163059090229466241428468720187 -2.06062738507045359326319555748e-06 -0.000451355932867575360134537731938   0.00740379240203928312702430503123  -0.00894625821741431778710840205804  6.54281008294343990883135120384e-05
-5.55838269045150212832595570944e-06  4.06987824004278477517393408647e-05   0.00817778421789716603029773978051  -0.00150334285722786287209373767837   6.5428100829371949043178346983e-05     0.999965429842146535932556616899
4
5     5
    -2.99106027596356494058227326605  -0.00105198783637910908694834688504  -0.00266303153128674696681343903037     0.163491147657997104580829272891 -1.73024504328267436648047805647e-05
 -0.00105198783637916459809957814286    -0.999966487017296512540553976578 -1.08471998622738929896058834856e-05  0.000668306146483922669521149373395  -0.00818194832636889857191420105664
 -0.00266303153128677472238905465929 -1.08471998621906262627589967451e-05    -0.999945903487633458439631795045  -0.00734071329959051777080958345323   0.00123706391729719311634028144908
    0.163491147657997160091980504149  0.000668306146483776952749167321599  -0.00734071329959051777080958345323  -0.00899282755358480137553023325836  0.000101693058808222103195362251427
-1.73024504328544992404204094782e-05  -0.00818194832636887081633858542773   0.00123706391729716536076466582017  0.000101693058808177000384986854442     0.999965754824501562580962854554
5
2     2
  -0.999966496486727085546419857565 -0.00816611219097526652710428152204
 -0.0081661121909751832603774346353    0.999966657433771777263586955087
5
2       5        3       6        4       5        5       2        1       2        5
5          5             4          4             3          3             2          2             1          1             
1
2     2
                                  1 1.66533453693773481063544750214e-16
1.11022302462515654042363166809e-16                                   1
2
5     5
     1.00000000000000022204460492503  2.08166817117216851329430937767e-16  1.11022302462515654042363166809e-16 -5.55111512312578270211815834045e-17  1.11022302462515654042363166809e-16
 1.00613961606654811475891619921e-16      1.00000000000000066613381477509 -2.77555756156289135105907917023e-17  4.71844785465691529680043458939e-16 -5.55111512312578270211815834045e-17
                                   0 -8.32667268468867405317723751068e-17      1.00000000000000044408920985006 -1.11022302462515654042363166809e-16  1.66533453693773481063544750214e-16
 5.55111512312578270211815834045e-17  4.44089209850062616169452667236e-16 -8.32667268468867405317723751068e-17      1.00000000000000088817841970013                                    0
 9.02056207507939689094200730324e-17 -5.55111512312578270211815834045e-17  1.66533453693773481063544750214e-16                                    0      1.00000000000000022204460492503
3
6     6
    0.999999999999999666933092612453 -2.51501022698746856676166316902e-17  5.55111512312578270211815834045e-17  1.38777878078144567552953958511e-17 -5.20417042793042128323577344418e-17 -6.24500451351650553988292813301e-17
 3.03610489613831413535649517144e-17     0.999999999999999555910790149937  1.46797586022748283163252835948e-16 -5.47217165244168191051699068339e-17  9.50472610772995496475346044463e-17 -1.10283689732509904146695589588e-17
 5.55111512312578270211815834045e-17  1.46797586022748283163252835948e-16      1.00000000000000088817841970013                                    0  2.77555756156289135105907917023e-17 -5.55111512312578270211815834045e-17
-1.38777878078144567552953958511e-17 -2.69661409087879055945791151316e-17  2.77555756156289135105907917023e-17      1.00000000000000066613381477509  8.32667268468867405317723751068e-17 -2.77555756156289135105907917023e-17
 9.02056207507939689094200730324e-17  9.50472610772995496475346044463e-17                                    0  5.55111512312578270211815834045e-17     0.999999999999999777955395074969 -1.66533453693773481063544750214e-16
 -4.8572257327350598643533885479e-17  1.67272066423779230959212327434e-17  2.77555756156289135105907917023e-17                                    0 -1.66533453693773481063544750214e-16     0.999999999999999555910790149937
4
5     5
     1.00000000000000066613381477509 -5.55111512312578270211815834045e-17  8.32667268468867405317723751068e-17 -6.93889390390722837764769792557e-17  1.11022302462515654042363166809e-16
                                   0     0.999999999999999555910790149937  2.22044604925031308084726333618e-16  3.88578058618804789148271083832e-16                                    0
                                   0  2.77555756156289135105907917023e-16     0.999999999999999555910790149937  3.88578058618804789148271083832e-16  2.22044604925031308084726333618e-16
-5.55111512312578270211815834045e-17  3.33066907387546962127089500427e-16  2.22044604925031308084726333618e-16     0.999999999999999111821580299875  8.32667268468867405317723751068e-17
 1.66533453693773481063544750214e-16  2.77555756156289135105907917023e-17  2.22044604925031308084726333618e-16  1.11022302462515654042363166809e-16     0.999999999999999333866185224906
5
2     2
    1.00000000000000088817841970013 5.55111512312578270211815834045e-17
5.55111512312578270211815834045e-17     1.00000000000000022204460492503
5
2       5        3       6        4       5        5       2        1       2        4
4          5             3          4             2          3             1          2             
1
5     2
  0.670863924178205062176516548789   0.188440891782378883156923166098
 -0.836056917937437971133363134868  -0.287310264973491658047066721338
  0.863285348696026910708667401195  -0.494752753793146704541783265086
-0.0383103979637938185653922573692    1.14984926359493178082971098775
  0.286889645104983714851698550774   0.497977944775495451334990093528
2
6     5
    -1.05686144002386561702167000476     0.474408639630838957490510665593     0.412038856490251403918989581143    0.0538950945290880695237589748103    -0.133487488633225875878096644556
    0.781348690275036839025801782554  0.000138433112460948601644614153194     0.581065698696341059736880652054     0.619965484691241797143845815299 -1.01088441418936625588228389594e-05
   -0.273865225008201595979784315205     -1.02353493776550341642916919227    -0.352317622733878954566222319045    0.0154961405537438756674362139165     0.352387644171047398344853718299
    0.411846370141897621941495799547     0.610623609009376844269922912645    -0.367189609091514990169002885523    -0.837674077881629175479361038015     0.349756395459345004184115168755
   0.0538144815894320560634156436208   -0.0274106834179652369964941271974    -0.838089851837538035717045659112   0.00949909097647599898195380774268    -0.812368745404902448115080915159
  -0.0768236728164097132376397780718    -0.351562772813559409890160623036     0.202221954333692333083405401339    -0.470096967044336344621058287885     0.609647755759401110964290637639
3
5     6
    -1.05705445075268622545650032407    -0.780581199796523184097907233081     0.274049247962990794036386432708     0.412515706283477112670254882687    0.0540431122454912496455570192211    0.0772022269797887350506471193512
    0.474541646829154117881444108207 -2.85258099946839038807411270682e-05      1.02334669282805013068582411506     0.609932203318599652774878450145   -0.0265060849565452727460979076568     0.352529814860719215019457806193
   -0.412621090347699948086557242277     0.581869888484157771202376352448    -0.352943072262488888313214374648     0.366140388767934032987483305988     0.836805045308974926321354814718     0.201848047272412733921242988799
   0.0537813213939992429413194940935    -0.621500043041955052558478200808   -0.0163790376303938334245913210907    -0.837524190860507111722199624637   0.00948853196756890837626485790679      0.46854412030560588231509200341
   -0.133356982774695931315278585316   5.6694349910596519848127172736e-05    -0.351392870011450086931148462099      0.35030986181511503119168082776    -0.813781681583699234572293335077    -0.609348987396266306149072988774
4
2     5
  0.671701246617482650158592605294  -0.835607706200576227928422667901  -0.862838071624239977275294677383 -0.0379236867879740591202875066301   0.287652421945940428571475422359
 -0.188998523772151427735366269189   0.286467360794811776170121220275    -0.4954075654385645677280081145   -1.15004669793729630278278364131  -0.497247328323802528782238141503
5
2       5        3       6        4       5        5       2        1       2        4
5          4             4          3             3          2             2          1             
2
2     5
  0.670863924178205062176516548789  -0.836056917937437971133363134868    0.86328534869602679968636493868 -0.0383103979637938185653922573692   0.286889645104983603829396088258
   0.18844089178237882764577193484  -0.287310264973491658047066721338  -0.494752753793146482497178340054    1.14984926359493178082971098775    0.49797794477549539582383886227
3
5     6
    -1.05686144002386561702167000476     0.781348690275036839025801782554    -0.273865225008201762513238008978     0.411846370141897732963798262062    0.0538144815894319172855375654763   -0.0768236728164096716042763546284
    0.474408639630839013001661896851  0.000138433112460895069162347681413     -1.02353493776550341642916919227     0.610623609009376733247620450129   -0.0274106834179652092409185115685    -0.351562772813559465401311854293
    0.412038856490251292896687118628     0.581065698696341170759183114569    -0.352317622733879010077373550303    -0.367189609091514879146700423007    -0.838089851837537924694743196596     0.202221954333692416350132248226
   0.0538950945290881944238492451404     0.619965484691241686121543352783    0.0154961405537438201562849826587    -0.837674077881629175479361038015   0.00949909097647599898195380774268    -0.470096967044336233598755825369
     -0.1334874886332260146559747227 -1.01088441419872054893858148716e-05     0.352387644171047287322551255784     0.349756395459344782139510243724    -0.812368745404902337092778452643     0.609647755759401110964290637639
4
6     5
    -1.05705445075268622545650032407     0.474541646829154173392595339465    -0.412621090347699892575406011019    0.0537813213939991874301682628357    -0.133356982774695820292976122801
   -0.780581199796523184097907233081 -2.85258099947696303912668402969e-05     0.581869888484157660180073889933    -0.621500043041955052558478200808  5.66943499106367979588350092257e-05
    0.274049247962990794036386432708      1.02334669282805013068582411506     -0.35294307226248883280206314339   -0.0163790376303939062829773121166    -0.351392870011450142442299693357
    0.412515706283477112670254882687     0.609932203318599874819483375177     0.366140388767934199520936999761    -0.837524190860507000699897162121     0.350309861815114864658227133987
   0.0540431122454913259733899622006   -0.0265060849565454392795516014303     0.836805045308974704276749889686   0.00948853196756889796792400204595    -0.813781681583699123549990872561
   0.0772022269797888183173739662379     0.352529814860719159508306574935     0.201848047272412733921242988799     0.468544120305605715781638309636    -0.609348987396266306149072988774
5
5     2
  0.671701246617482539136290142778  -0.188998523772151483246517500447
 -0.835607706200576449973027592932   0.286467360794811720658969989017
 -0.862838071624239866252992214868    -0.4954075654385645677280081145
-0.0379236867879740036091362753723   -1.15004669793729652482738856634
  0.287652421945940428571475422359  -0.497247328323802473271086910245
5
2       5        3       6        4       5        5       2        1       2        5
5          5             4          4             3          3             2          2             1          1             
1
2     2
-0.835778120434725879661641556595 -0.287206966131963725707976209378
-0.287206966131963725707976209378  -0.49770492450160991326768566978
2
5     5
  -0.74765548589904162746222482383  -0.335527123330787990784784824427   0.291371693192637726266269737607   0.038069552339932255513588188478  0.0941392839863859076654506452542
  -0.33552712333078793527363359317  -0.417567680083122283463126223069  -0.431649101260755396758383994893   0.019193025267788627052922834082   0.143759721578929688945436282665
  0.291371693192637781777420968865  -0.431649101260755396758383994893  -0.259807797002094109650727205008  -0.591756031932195392109008480475  -0.247500259521739263135486908141
 0.0380695523399323110247394197359  0.0191930252677886825640740653398   -0.59175603193219550313131094299 0.00666987582485562002787560231809   0.575335990390956064644001344277
 0.0941392839863859076654506452542   0.143759721578929744456587513923  -0.247500259521739263135486908141   0.575335990390956064644001344277  -0.248537357256067570343560646506
3
6     6
-0.000483647629824380392848937049166    -0.552227193500431812189788161049    -0.387528205178684914677944561845  0.000369778546536429471650042621889 -0.000148247655643855835716493629661    -0.108920593038196303337095116603
   -0.552227193500431701167485698534 -0.000820770330591381273160900278185 -4.39470245379671556914917551762e-05    -0.411190765263679869345736506148    -0.438913990719348556801548966178  1.87443854808811958027273819605e-05
   -0.387528205178684914677944561845 -4.39470245379575130684202122211e-05  0.000202418309400909785227690163012    -0.498379927403532596574819990565     0.022159427982643031818099643715  0.000123697841386744000757857975259
 0.000369778546536428387447870136384    -0.411190765263679924856887737405    -0.498379927403532596574819990565  0.000462591805007393579683705464589  0.000791521901437275410273741726996     0.285774137193619992558524245396
-0.000148247655643848896822589722433     -0.43891399071934850129039773492     0.022159427982643049165334403483  0.000791521901437160701683892760627 -6.07118413654406108292960198014e-05    -0.663872666493705576584716254729
   -0.108920593038196289459307308789  1.87443854808566623404431084055e-05  0.000123697841386707246304210716659     0.285774137193619992558524245396    -0.663872666493705576584716254729  0.000448036715930688611564391976572
4
5     5
  0.746960572608798112348438280605   0.335851170239958807250957306678   0.291512966681049090489352693112 -0.0384487023605432076678312114382 -0.0945102313528113080476344975978
  0.335851170239958807250957306678   0.417815077817142332960997919145  -0.431919872398664139723223343026 -0.0196412281062148807997402855108  -0.143997918212807995974600316913
  0.291512966681049090489352693112  -0.431919872398664195234374574284   0.259261715951373705735250041471  -0.592321534850126285576266127464   -0.24743488271648883536357743651
-0.0384487023605431799122555958093 -0.0196412281062148807997402855108  -0.592321534850126285576266127464 -0.0067761301610453072985507105841  -0.574435054704851344453686579072
-0.0945102313528113358032101132267  -0.143997918212807995974600316913  -0.247434882716488779852426205252  -0.574435054704851344453686579072   0.249189072101210523646486194593
5
2     2
 0.835576993716524052402405686735 -0.287405367973143921478396123348
-0.287405367973143810456093660832   0.49762598673468610988024352082
5
2       5        3       6        4       5        5       2        1       2        4
4          5             3          4             2          3             1          2             
1
5     2
  0.668073288114482188859710731776  -0.194587151849258455094116015971
 -0.831031472471712162608525886753   0.290136864657280502122205234627
 -0.869163966374153273974911826372  -0.504520679907290769961036858149
-0.0346191727494848111579273108873   -1.14206644200739715344639080286
 -0.289640876189965923437341643876   0.502715884413170055466935082222
2
6     5
    -1.05809703597497484217626606551     0.472575538038491393955098374136    -0.409953701399656367243551358115    0.0612318650884023235603237367286     0.137855890104391615169632245852
   -0.780456170322018305540723304148 -0.000408007676814079660136680427485     0.572868826741441128369558555278    -0.628616344115555669702644081553 -2.38802846186610217389060389914e-05
   -0.272734080044734650272175713326     -1.01793621921229848759082869947     0.354178485136669496391448319628    0.0140987715804815894049539792832    -0.355640222620860813051990589884
   -0.409932592310977228500235014508    -0.614387158382479037221912676614    -0.340909237037713697127117029595     0.842847571399453099338927586359     0.356882787621826569335325984866
     0.06126689550593079208740121544   -0.0250017323139534591858179624069     0.843339508485588584818515300867    -0.015803534787256184879211673433      0.80685582663330968067327830795
   0.0793457762725224835520521082799     0.354864096006369256208756723936     0.206298526203374743559493253997     0.466913121143399778567584235134     0.615363083053996007265595835634
3
5     6
    -1.05819111683595656892009628791     0.779824832848784676997411224875      0.27285997073353890352009898379    -0.410632946763174078164126967749    0.0614829382275870819918317522479   -0.0797344271647132118996381677789
    0.472756074348151256181438384374  0.000308262659090285939811337811989      1.01770269483923136988323676633    -0.613787220234389474526892627182   -0.0243213077902081353798280360934     -0.35573528524407532769302520137
    0.410540748710800318388436380701     0.573540976578165606625248074124     0.354733625371047189833717538932     0.339853226311896239320020640662    -0.842005243333147745943279005587     0.206142980669929143378027447397
   0.0612569158403659802525353939018     0.630191562149315265273230579623   -0.0147639499151559216993945256036     0.842770458913392861433067082544   -0.0158122616624638834270655252112    -0.465455036035173685959875911067
    0.137733325730568845202128613892 -4.87062402088622725671029911609e-05     0.354791159643623010833124453711     0.357249493613672641778578054073     0.808140125716072743600193462044    -0.615129972584199768981250144861
4
2     5
  0.668886004299895198244030325441  -0.830447374563236473399285841879   0.868860384433792320990619373333 -0.0343019273363560639467095825239  -0.290370432826568769524300250851
  0.195191798043909708892940102487  -0.289462599943647647116051757621  -0.505165598747945310265095031355    1.14213241453721647822305840236  -0.502145784287364116416085835226
5
2       5        3       6        4       5        5       2        1       2        4
5          4             4          3             3          2             2          1             
2
2     5
  0.668073288114482188859710731776  -0.831031472471712162608525886753  -0.869163966374153273974911826372 -0.0346191727494848389135029265162  -0.289640876189965923437341643876
 -0.194587151849258510605267247229   0.290136864657280502122205234627  -0.504520679907290769961036858149   -1.14206644200739715344639080286   0.502715884413170055466935082222
3
5     6
    -1.05809703597497462013166114048    -0.780456170322018305540723304148    -0.272734080044734650272175713326    -0.409932592310977339522537477023    0.0612668955059307851485073115327    0.0793457762725225113076277239088
    0.472575538038491393955098374136 -0.000408007676814079551716463178934     -1.01793621921229848759082869947    -0.614387158382478926199610214098   -0.0250017323139534730636057702213     0.354864096006369256208756723936
   -0.409953701399656145198946433084     0.572868826741441017347256092762     0.354178485136669496391448319628    -0.340909237037713808149419492111     0.843339508485588473796212838351     0.206298526203374715803917638368
   0.0612318650884022264158090820274    -0.628616344115555669702644081553    0.0140987715804817004272564417988     0.842847571399453210361230048875   -0.0158035347872562403903629046908     0.466913121143399834078735466392
     0.13785589010439167068078347711 -2.38802846187164617393697274572e-05    -0.355640222620860813051990589884     0.356882787621826569335325984866     0.806855826633309791695580770465     0.615363083053996007265595835634
4
6     5
    -1.05819111683595701300930613797     0.472756074348151256181438384374     0.410540748710800429410738843217    0.0612569158403661120915195681391      0.13773332573056887295770422952
    0.779824832848784565975108762359  0.000308262659090230428660106554162     0.573540976578165606625248074124     0.630191562149315265273230579623 -4.87062402088622725671029911609e-05
     0.27285997073353890352009898379      1.01770269483923136988323676633     0.354733625371047134322566307674   -0.0147639499151558661882432943457     0.354791159643622955321973222453
   -0.410632946763174022652975736491    -0.613787220234389474526892627182     0.339853226311895961764264484373     0.842770458913392861433067082544     0.357249493613672530756275591557
   0.0614829382275871583196646952274   -0.0243213077902081492576158439078    -0.842005243333147634920976543071   -0.0158122616624637446491874470667     0.808140125716072743600193462044
  -0.0797344271647132396552137834078     -0.35573528524407532769302520137     0.206142980669929171133603063026    -0.465455036035173796982178373582    -0.615129972584199880003552607377
5
5     2
  0.668886004299895198244030325441   0.195191798043909708892940102487
 -0.830447374563236473399285841879  -0.289462599943647647116051757621
  0.868860384433792320990619373333   -0.50516559874794542128739749387
-0.0343019273363560084355583512661    1.14213241453721625617845347733
 -0.290370432826568714013149019593  -0.502145784287364116416085835226
5
2       5        3       6        4       5        5       2        1       2        5
5          5             4          4             3          3             2          2             1          1             
1
2     2
-0.831098492074363148773841203365  0.289933147316641104396239825292
 0.289933147316641159907391056549 -0.502306220084528298741588514531
2
5     5
 -0.748486542721328529381707994617  -0.334014318707826052268217154051  -0.290177378014254916394065730856  0.0432808074848908541643055514214 -0.0972294614327220280136643282276
 -0.334014318707825996757065922793  -0.415546813983208029874560907047   0.434372329983188809610084035739   0.017149877052358292184308652395  -0.145058108905785743125704811973
  -0.29017737801425480537176326834   0.434372329983188754098932804482  -0.240847830823407438316507978016   0.595424061472450194543171164696  -0.252478149573338472855255076865
 0.0432808074848907986531543201636  0.0171498770523583060620964602094    0.59542406147245008352086870218 -0.0111210107939429259094055169044  -0.571440203623014286726800037286
-0.0972294614327220280136643282276  -0.145058108905785743125704811973  -0.252478149573338472855255076865  -0.571440203623014397749102499802  -0.250785286232685089569116598796
3
6     6
-0.000410364334199628776056467671651     0.551630179881775983830038967426    -0.385907153039785510983961103193 -0.000371067810483252658038111349015 -0.000106272372974693801728207631641     0.112501211561871566901871233313
    0.551630179881775983830038967426 -0.000884161285547234139861605406452   4.3151725743575649121841486533e-05    -0.405272833610012428451341293112     0.445111140349894796042207190112 -2.98437322447080804717952501326e-05
   -0.385907153039785510983961103193   4.3151725743575649121841486533e-05  0.000266275113980085631482097596745     0.501623591200917040566764626419     0.019973549353123953853383909518 -7.23010836599924378020887161256e-05
-0.000371067810483252658038111349015    -0.405272833610012428451341293112     0.501623591200917040566764626419   0.00037458350754404623472737512202 -0.000764158144296228636349610496836     0.291562098581833850641231720147
-0.000106272372974634821130024420199     0.445111140349894796042207190112     0.019973549353123953853383909518 -0.000764158144296228636349610496836  9.06541259562687606887720903615e-05     0.659318460908166370515459675516
    0.112501211561871566901871233313 -2.98437322447080804717952501326e-05 -7.23010836599646822264730872121e-05     0.291562098581833850641231720147     0.659318460908166370515459675516  0.000419768247278962114421574369771
4
5     5
  0.747798294140156860621004852874   0.334292563234673378858019532345  -0.290350725452837021833829567186  -0.043665262087070694230206413522    0.09761843906461319109180152509
  0.334292563234673378858019532345   0.415892831490802805660678131972   0.434638978794227082147472174256 -0.0174737445407529556895553923823   0.145211543168170892359469803523
 -0.290350725452837132856132029701   0.434638978794227082147472174256   0.240093054454113496998246546354   0.595951667449075683791193114303  -0.252543808740521513733767733356
 -0.043665262087070694230206413522 -0.0174737445407529834451310080112   0.595951667449075683791193114303  0.0113145419984861661522046460959   0.570564484734262467036103316786
 0.0976184390646132188473771407189   0.145211543168170920115045419152  -0.252543808740521513733767733356   0.570564484734262467036103316786   0.251434187657881058619580016966
5
2     2
0.830860735547178208548757538665 0.290114169102617336370997236372
0.290114169102617336370997236372 0.502385023451617729328688710666
