3
5
2       5        3       6        4       5        5       2        1       2        5
5          5             4          4             3          3             2          2             1          1             
1
2     2
 -0.999968579799138668207092450757 0.00774904595976871890528059338976
0.00774904595976866339412936213193   0.999970124792899595078665697656
2
5     5
    -2.99122323157993630360351744457   0.00214366765936881142895487073474    0.0025052567280782200853650465433      0.16198600555924186350509330623 -7.54883979656104098232560772885e-05
  0.00214366765936886694010610199257    -0.999967055923827174979123810772 -1.31553474959356098139551249915e-05  0.000635308912933058370087202604282  -0.00804629348872026861627659855003
  0.00250525672807788701845765899634 -1.31553474959911209651863828185e-05    -0.999940803919554088707855044049   0.00715981810469837332000508922647   0.00408722499963559693370029890502
    0.161986005559242030038547000004  0.000635308912932980307530783647962   0.00715981810469840107558070485538  -0.00882589829606358206026683888012 -0.000202961921520972143895278350101
-7.54883979657006154440068712574e-05  -0.00804629348872032412742782980786   0.00408722499963548591139783638937 -0.000202961921520991225853514094979     0.999959445639870603272925109195
3
6     6
    -2.99112557987352456478902240633  0.000498858740879691499488235439941   0.00312828509396357451466386123684   0.00274086113881330875607922337167     0.162849792579764590660929002297  1.15310450631983529845570046746e-05
 0.000498858740879681307987814076199     -1.99999103378019960075562266866  4.39235234768112616041829676661e-05   0.00303010569674225021738478424993  9.40090943982328021725700106792e-05  0.000195807209075992891527534522922
  0.00312828509396366472028461203081  4.39235234768414837397410011022e-05    -0.999967898916590103297608038702 -2.82804439646622274295850729686e-05 -0.000988456554375465208661655225342   0.00824174747909006688573185783753
  0.00274086113881336079778350267588   0.00303010569674214830238057061251 -2.82804439647177385808163307956e-05     -0.99994251589548743819335641092   0.00758220158550950481396446534177  -0.00441501839200156287468246318895
    0.162849792579764618416504617926   9.4009094398410082780298546723e-05 -0.000988456554375488627428580912238   0.00758220158550956813137133849523  -0.00892645071684577268156246532271  0.000527541391742158971567278058501
 1.15310450632122307723648191313e-05  0.000195807209076044662181270705759   0.00824174747909015015245870472427  -0.00441501839200147960795561630221  0.000527541391742107797224736742692     0.999956226365231959363200076041
4
5     5
    -2.99096529086219486970321668196   -0.0032649398942899421349750355148  -0.00271181952975829698715415361221     0.164306923419750477988188208656 -5.66557856658267411376073141582e-05
 -0.00326493989429010866842872928828    -0.999964054645793187781066535536 -3.46910208087747307104109495413e-05   0.00236189556005678147343473938236  -0.00832792555672698386892705002538
 -0.00271181952975840800945661612786 -3.46910208087192195591796917142e-05     -0.99994292220167535489849797159  -0.00716662723721418759570411793902   0.00357125526113896696323024571029
    0.164306923419750339210310130511   0.00236189556005683698458597064018  -0.00716662723721450678482369767153  -0.00908395833997603305287604769092   0.00069636934622857582510846441437
-5.66557856659377634400698298123e-05   -0.0083279255567270393800782812832   0.00357125526113910574110832385486  0.000696369346228471741699905805945      0.99995865309782061558507848531
5
2     2
  -0.999963919556434155389013085369 -0.00832675617204270412941014001262
 -0.0083267561720426486182589087548    0.999965419807723687739553497522
5
2       5        3       6        4       5        5       2        1       2        5
5          5             4          4             3          3             2          2             1          1             
1
2     2
                                   1 -1.11022302462515654042363166809e-16
-2.22044604925031308084726333618e-16      1.00000000000000022204460492503
2
5     5
     1.00000000000000111022302462516 -2.08166817117216851329430937767e-17  2.22044604925031308084726333618e-16  5.55111512312578270211815834045e-17  -4.8572257327350598643533885479e-17
-4.16333634234433702658861875534e-17      1.00000000000000066613381477509 -1.66533453693773481063544750214e-16 -3.33066907387546962127089500427e-16  1.66533453693773481063544750214e-16
 2.22044604925031308084726333618e-16 -1.38777878078144567552953958511e-16      1.00000000000000088817841970013 -4.71844785465691529680043458939e-16 -1.66533453693773481063544750214e-16
-1.11022302462515654042363166809e-16 -3.33066907387546962127089500427e-16 -5.27355936696949356701225042343e-16      1.00000000000000044408920985006  2.22044604925031308084726333618e-16
-6.93889390390722837764769792557e-17  1.11022302462515654042363166809e-16 -1.11022302462515654042363166809e-16  1.66533453693773481063544750214e-16      1.00000000000000088817841970013
3
6     6
     1.00000000000000066613381477509  1.57759886426113438151475065752e-16  3.81639164714897560770623385906e-17  5.30825383648902970890048891306e-16  1.11022302462515654042363166809e-16 -1.59594559789866252685897052288e-16
 2.68783882954523600794516369206e-16      1.00000000000000111022302462516  3.95598267685648430358469340717e-16  9.04495662396032074070717499126e-17  1.06089182577706608867629256565e-16 -3.53639643610459408762380917324e-16
 3.81639164714897560770623385906e-17  3.40087116454390603337287757313e-16      1.00000000000000133226762955019  5.55111512312578270211815834045e-17  2.22044604925031308084726333618e-16 -2.77555756156289135105907917023e-16
 5.30825383648902970890048891306e-16  1.18218694382388189723087634775e-16  5.55111512312578270211815834045e-17      1.00000000000000155431223447522 -5.27355936696949356701225042343e-16 -1.38777878078144567552953958511e-16
 2.77555756156289135105907917023e-17  1.06089182577706608867629256565e-16  2.77555756156289135105907917023e-16 -5.55111512312578270211815834045e-16      1.00000000000000111022302462516 -1.11022302462515654042363166809e-16
-1.45716771982051795930601656437e-16 -3.67490326363961727906826126855e-16 -3.05311331771918048616498708725e-16 -1.38777878078144567552953958511e-16 -5.55111512312578270211815834045e-17      1.00000000000000088817841970013
4
5     5
     1.00000000000000133226762955019  2.22044604925031308084726333618e-16 -5.82867087928207183722406625748e-16 -3.05311331771918048616498708725e-16  1.66533453693773481063544750214e-16
 2.22044604925031308084726333618e-16                                    1 -1.66533453693773481063544750214e-16 -5.55111512312578270211815834045e-17   2.4980018054066022159531712532e-16
-4.99600361081320443190634250641e-16 -1.11022302462515654042363166809e-16      1.00000000000000044408920985006  3.33066907387546962127089500427e-16   3.6082248300317587563768029213e-16
-2.77555756156289135105907917023e-16                                    0  3.88578058618804789148271083832e-16                                    1 -1.66533453693773481063544750214e-16
 1.66533453693773481063544750214e-16  2.22044604925031308084726333618e-16   3.6082248300317587563768029213e-16 -1.38777878078144567552953958511e-16     0.999999999999999777955395074969
5
2     2
    0.999999999999999666933092612453 -3.33066907387546962127089500427e-16
-3.33066907387546962127089500427e-16     0.999999999999999555910790149937
5
2       5        3       6        4       5        5       2        1       2        4
4          5             3          4             2          3             1          2             
1
5     2
  0.670299511644716572433821966115   0.188117084117614463689704962235
 -0.835691368338664308801355673495  -0.286926404296027726115170253252
  0.864382552752995803047042500111  -0.493892319571954341306252445065
-0.0375673282424594801032213808867     1.1499744746064179956590578513
  0.285983808025920382966944544023    0.49876651193728360755841322316
2
6     5
    -1.0565502584289505616510496111    0.474287740101775323608990220237    0.411408806836804974427224124156   0.0535913740323199216941674194459   -0.133627077576344371889760509475
   0.782447486319966967194261542318  0.00155402884656069203983541626712    0.580026990316367396793850730319    0.618539757280601953937093639979 7.19575401580745891826768056987e-05
  -0.272571776332011128651799936051    -1.02280597623066094037369566649   -0.352000392351735746920837755169   0.0144063228723540770470634697631    0.353974095778904318532198658431
   0.411562271106055421743263877943    0.611986535610788418004801769712   -0.367879648985175111697287775314   -0.838793937206367523629069182789    0.348323252570839958508486233768
  0.0535097179264089825578842862797  -0.0287094714875187895231078982761   -0.839166092637857796709965896298  0.00946121429440371919383778731572   -0.810922492711554254718464562757
 -0.0763634793417213159072431949426   -0.351074047140851774884140468203    0.203170492288766435517999298099   -0.471193945245526712994887930108    0.610081370839496983649041794706
3
5     6
   -1.05766598826701585522869208944   -0.779462691935264295750585006317    0.274751299385353753290672784715     0.41243890177864545032448972961   0.0540857207803950024160855036826   0.0774902024458306026843956715311
   0.473121395044766357429466552276 0.000948093509687053526135969150346     1.02336538293727485893214179669    0.607693604070198123423551805899  -0.0232535334964219936315643622038    0.354613747585205030254940083978
  -0.414469356595256910313906928423    0.582705508341876843303452915279   -0.355742455429309878400800926102    0.363916237699655364945527935561     0.83576047984961943093651370873    0.200242355655830317484600300304
  0.0530323754821617754373619391117   -0.623051217519470235117751144571  -0.0198948221517978862671327533462   -0.837834097327803895005615686387  0.00931165690237983900701124184707     0.46645445192922191379736318595
  -0.133169423112521279062292478557 0.000399740619594579627005259681027   -0.349894024243629586656822993973    0.351840695961527671897783875465   -0.815268033071747888484992472513    -0.60898152311179032381005526986
4
2     5
  0.672779854150829303982561668818  -0.837738579408416450533536590228  -0.859790685507707652668329956214 -0.0364291278298277398928206594064   0.288316317913695663310846839522
 -0.189588811223304481989870851066   0.282888972939533245298804331469  -0.497151638599357237335851777971   -1.15064828162104082487360301457  -0.496101532045003124071769207148
5
2       5        3       6        4       5        5       2        1       2        4
5          4             4          3             3          2             2          1             
2
2     5
  0.670299511644716461411519503599  -0.835691368338664197779053210979   0.864382552752995803047042500111 -0.0375673282424593968364945339999   0.285983808025920382966944544023
  0.188117084117614380422978115348  -0.286926404296027892648623947025  -0.493892319571954507839706138839    1.14997447460641777361445292627   0.498766511937283552047261991902
3
5     6
  -1.05655025842895033960644468607   0.782447486319967078216564004833  -0.272571776332011184162951167309   0.411562271106055477254415109201  0.0535097179264087952077488807845 -0.0763634793417213020294553871281
  0.474287740101775268097838988979   0.001554028846560612242555521334   -1.02280597623066094037369566649   0.611986535610788418004801769712 -0.0287094714875187895231078982761   -0.35107404714085183039529169946
  0.411408806836804807893770430383   0.580026990316367507816153192834  -0.352000392351735802431988986427  -0.367879648985175111697287775314  -0.839166092637857685687663433782   0.203170492288766352251272451213
 0.0535913740323198106718649569302   0.618539757280601953937093639979  0.0144063228723540492914878541342  -0.838793937206367412606766720273  0.0094612142944036914382621716868   -0.47119394524552665748373669885
 -0.133627077576344482912062971991 7.1957540158096300331180827925e-05   0.353974095778904263021047427173   0.348323252570840069530788696284  -0.810922492711554143696162100241   0.610081370839496983649041794706
4
6     5
   -1.05766598826701585522869208944     0.47312139504476624640716408976   -0.414469356595256854802755697165    0.053032375482161844826300978184   -0.133169423112521279062292478557
  -0.779462691935264295750585006317 0.000948093509687016229581235648993    0.582705508341876954325755377795   -0.623051217519470346140053607087 0.000399740619594717429101382588641
   0.274751299385353697779521553457     1.02336538293727485893214179669   -0.355742455429310044934254619875  -0.0198948221517980493311394951661   -0.349894024243629475634520531457
   0.412438901778645505835640960868    0.607693604070198123423551805899    0.363916237699655420456679166819   -0.837834097327803783983313223871    0.351840695961527671897783875465
   0.054085720780395168949539197456  -0.0232535334964221740428058637917     0.83576047984961943093651370873  0.00931165690237987543620423736002   -0.815268033071747888484992472513
  0.0774902024458306026843956715311    0.354613747585204919232637621462    0.200242355655830317484600300304    0.466454451929222024819665648465    -0.60898152311179032381005526986
5
5     2
  0.672779854150829192960259206302  -0.189588811223304481989870851066
 -0.837738579408416450533536590228   0.282888972939533189787653100211
 -0.859790685507707541646027493698  -0.497151638599357292847003009229
-0.0364291278298276288705181968908   -1.15064828162104082487360301457
   0.28831631791369571882199807078  -0.496101532045003068560617975891
5
2       5        3       6        4       5        5       2        1       2        5
5          5             4          4             3          3             2          2             1          1             
1
2     2
-0.835884128900007183915477071423 -0.287005274433279500279070362012
 -0.28700527443327955579022159327 -0.498086157052206157658247320796
2
5     5
 -0.748103292598828684134559807717  -0.335072960483947801524351461921   0.291598722295815571126098575405  0.0382249946280210917137765136431  0.0937220949064880293200019423239
 -0.335072960483947801524351461921  -0.418060594308120703210818192019  -0.432055049770454502322536427528  0.0189505038309612239277868184217   0.144198995475597863125116759875
  0.291598722295815571126098575405   -0.43205504977045444681138519627  -0.259659539077132517359558505632  -0.590542933316003382238079666422  -0.247765398545886916803482336036
 0.0382249946280212027360789761588  0.0189505038309612516833624340507  -0.590542933316003382238079666422 0.00624654569167665263407229758741     0.5760153457487016126492562762
 0.0937220949064880570755775579528   0.144198995475597918636267991133  -0.247765398545886916803482336036   0.576015345748701723671558738715  -0.248076896268206115170329439934
3
6     6
 -0.00179991283037521203336250863458    -0.552221045469612592526686967176    -0.387514080015992079530917635566   0.00170183916000534417312106683084  -0.00049173836557944022862542965413    -0.108837616732562078580848208276
   -0.552221045469612592526686967176  -0.00202622283969168754183542979774 -0.000935618233081315789703702456848     -0.41125558279060975275243094984    -0.438908056709208682644174359666  0.000196146882021393356753183323526
   -0.387514080015992079530917635566 -0.000935618233081345063162359565467  -0.00138655694471951761864714214312    -0.498348288384953708174407438491    0.0221951329656819296154424137058  0.000807165712588597816790070282877
  0.00170183916000535284673844671488     -0.41125558279060975275243094984    -0.498348288384953708174407438491   0.00328028485752669164698946957515   0.00254450789988378001105218118028     0.285704682738209481129842970404
-0.000491738365579433289731525746902    -0.438908056709208627133023128408     0.022195132965681953901571077381   0.00254450789988378174577565715708 -0.000569134681340816017680594995909    -0.663866485275734330429031615495
    -0.10883761673256209245863601609  0.000196146882021408508478543808451  0.000807165712588584155842696965522     0.285704682738209481129842970404    -0.663866485275734219406729152979   0.00142500601777922897284156533715
4
5     5
   0.746083392210795226517916489684     0.33713314859186460648032834797    0.290720089459563624245674873237  -0.0392295594352025100981506966491  -0.0947808297552609479996732488871
   0.337133148591864661991479579228    0.415523476252052770263389902539   -0.433106807425634676711467818677  -0.0222542027917388696156564265038   -0.145660433813619150100748811383
   0.290720089459563624245674873237   -0.433106807425634676711467818677    0.261255252292718231910129134121   -0.592521065008948077945660770638   -0.246796969608662264406007125217
 -0.0392295594352025794870897357214  -0.0222542027917388973712320421328   -0.592521065008947966923358308122 -0.00714284652498697880673717008904   -0.573285949925359861190088395233
 -0.0947808297552609479996732488871   -0.145660433813619094589597580125   -0.246796969608662153383704662701   -0.573285949925359750167785932717    0.250018637069173044196190858202
5
2     2
 0.835410844800163032708439914131 -0.287627495795327758898451975256
-0.287627495795327814409603206514  0.497357063185331182975090769105
5
2       5        3       6        4       5        5       2        1       2        4
4          5             3          4             2          3             1          2             
1
5     2
  0.667687792728213991289010209584  -0.193991677597679990086021462048
 -0.831992953221585285206174376071   0.288504962091179040228894336906
 -0.868851127541596435222004402021  -0.504025339150502516005758479878
-0.0336387341143976059676390377717   -1.14255957044247136167314238264
 -0.288923692432303758081957312243   0.503283243099284294252981908357
2
6     5
    -1.05846485822831248846398466412     0.471901772244372852416205432746    -0.409593203714451126185025486848    0.0602353889396509759035502895586       0.1379521336933760000675874835
   -0.780668803872310523850330810092  -0.00153374162105833445821079230598     0.572521160045664889715055778652    -0.627045844954664310932912485441 -0.000208091391882419727253628050079
   -0.273060035085057994930224367636     -1.01919627466899398449129421351     0.353794081123305625968811227722    0.0167207397586484340923362879039    -0.355369409972680183606996706658
    -0.40847357528506156310044161728    -0.612129411180108107259911776055    -0.342144887474793324422250861971     0.843678045656525821271998211159     0.357511717016070262875615526355
    0.061182380027824161128346958094   -0.0245346663344144094720533644249     0.844676370361794548458078679687   -0.0156723126520549316254005134397     0.805823696117539567396192978777
   0.0788508028117895914954615932402     0.355001356064123640976504248101     0.205923321239947887395516090692     0.467846430134540747225457835157     0.615396940275943382658851987799
3
5     6
    -1.05814973978182780278700647614     0.779640459207373792693829273048     0.271829128770016248406449221875    -0.411608489049036130325021076715    0.0615636046628921865253580847366   -0.0800761016591773899797601643513
     0.47389519920200112723662755343   0.00263638639949437258991338239866      1.01742563208164082944051642698    -0.613510979302787085032377945026   -0.0266361054208298780876518208061    -0.356298461191215387611208598173
    0.409865428590657665530727626901     0.574123986826310828135433439456     0.352501537575175216687739521149     0.340023131928108790500431268811    -0.840841701123834939224366280541     0.207306884461468166058750739467
   0.0611043754310511277871853508259     0.631499776107407484460054547526   -0.0146738629655449592803506675409     0.843412841347649822054677315464   -0.0155974382175616266277273780361     -0.46412008872409465931596628252
    0.137573192031420876713099232802 -0.000388101815295582852627376269083     0.355108115027842452526840588689      0.35666279303840364711675192666      0.80895616654139212986507345704    -0.614943196076331410893089923775
4
2     5
  0.669847709106577648974223393452  -0.827000235830581131857286436571   0.871217693566738393684545371798 -0.0336298779755983823225307105531  -0.290959572425750989665971246723
  0.195924761886740211869195604777  -0.289375247532613677492463466479  -0.504556980769401142161711959488    1.14233558076360708355423412286  -0.502135075842090494724345717259
5
2       5        3       6        4       5        5       2        1       2        4
5          4             4          3             3          2             2          1             
2
2     5
  0.667687792728213991289010209584  -0.831992953221585285206174376071  -0.868851127541596435222004402021 -0.0336387341143976614787902690296  -0.288923692432303702570806080985
  -0.19399167759767993457487023079   0.288504962091179095740045568164  -0.504025339150502516005758479878   -1.14255957044247136167314238264   0.503283243099284183230679445842
3
5     6
   -1.05846485822831248846398466412   -0.780668803872310523850330810092   -0.273060035085058050441375598894   -0.408473575285061618611592848538   0.0611823800278240570449383994855   0.0788508028117895776176737854257
   0.471901772244372852416205432746 -0.00153374162105836676743553237401    -1.01919627466899398449129421351   -0.612129411180108107259911776055  -0.0245346663344144233498411722394    0.355001356064123640976504248101
   -0.40959320371445107067387425559    0.572521160045664889715055778652    0.353794081123305570457659996464   -0.342144887474793324422250861971    0.844676370361794437435776217171    0.205923321239947887395516090692
  0.0602353889396510244758076169092   -0.627045844954664310932912485441   0.0167207397586484340923362879039    0.843678045656525821271998211159  -0.0156723126520547928475224352951    0.467846430134540747225457835157
     0.1379521336933760000675874835 -0.00020809139188241994409406254718   -0.355369409972680294629299169173    0.357511717016070318386766757612    0.805823696117539567396192978777    0.615396940275943382658851987799
4
6     5
    -1.05814973978182780278700647614     0.473895199202001071725476322172     0.409865428590657776553030089417    0.0611043754310511208482914469187     0.137573192031420848957523617173
    0.779640459207373792693829273048   0.00263638639949431707876215114084     0.574123986826310828135433439456     0.631499776107407595482357010042 -0.000388101815295527341476145011256
    0.271829128770016248406449221875      1.01742563208164060739591150195     0.352501537575175105665437058633   -0.0146738629655449037691994362831     0.355108115027842452526840588689
   -0.411608489049036074813869845457    -0.613510979302787196054680407542     0.340023131928108901522733731326     0.843412841347649822054677315464     0.356662793038403536094449464144
   0.0615636046628922559142971238089   -0.0266361054208299335988030520639    -0.840841701123834939224366280541   -0.0155974382175615433610005311493     0.808956166541392018842770994524
  -0.0800761016591774177353357799802    -0.356298461191215332100057366915     0.207306884461468193814326355096     -0.46412008872409465931596628252    -0.614943196076331410893089923775
5
5     2
 0.669847709106577648974223393452  0.195924761886740184113619989148
-0.827000235830581020834983974055 -0.289375247532613677492463466479
 0.871217693566738393684545371798 -0.504556980769401142161711959488
-0.033629877975598410078106326182   1.14233558076360708355423412286
-0.290959572425751100688273709238 -0.502135075842090494724345717259
5
2       5        3       6        4       5        5       2        1       2        5
5          5             4          4             3          3             2          2             1          1             
1
2     2
-0.831414064300844080079855302756  0.289772989706842953872012458305
 0.289772989706843064894314920821 -0.501925322445136545823629603547
2
5     5
 -0.748862527639899133724554758373   -0.33400745244278207124466462119  -0.290000914015679622792731606751  0.0433417723799176812793376711852 -0.0967605796459589662106282048626
 -0.334007452442782126755815852448  -0.414878153824638662428014868055   0.434928375288500812523295735446  0.0178440556486421375570472491745   -0.14607706745960330474431998482
 -0.290000914015679622792731606751   0.434928375288500812523295735446  -0.242358681837941875025776994335    0.59420899043636676850610456313   -0.25220842238067481266838854026
 0.0433417723799177645460645180719  0.0178440556486421791904106726179    0.59420899043636676850610456313 -0.0107192538890689970099145966742  -0.572110143420994421425973541773
-0.0967605796459589384550525892337  -0.146077067459603276988744369191   -0.25220842238067481266838854026  -0.572110143420994310403671079257  -0.249888526187033055414588034182
3
6     6
-0.000721249241981031762038778509805     0.551583142701371209604133127868    -0.385904481959247869227169758233 -0.000500893053009595495828065736532 -1.47248888384687859343102900311e-05     0.112458361035740417310790917327
    0.551583142701371209604133127868  -0.00292175925027251268475958490001 -0.000354522274609907098001648773078    -0.405165471188464687557484467106     0.445256487651049637221944976773  -0.00024489215719227636590404895145
   -0.385904481959247869227169758233 -0.000354522274609907098001648773078   0.00270170169160917350570372263974     0.501649205742534576302205095999    0.0198369921529068793386585412009  0.000665847112889805803348508561612
-0.000500893053009623251403681365446    -0.405165471188464687557484467106     0.501649205742534576302205095999 -0.000881156287355577827469232943258  -0.00228525554479111492334197919263     0.291671519757676744877272767553
-1.47248888384965415099259189446e-05     0.445256487651049581710793745515    0.0198369921529069070942341568298   -0.0022852555447910594121907479348  0.000626507456640668092262558275252     0.659206435368418164344461729343
    0.112458361035740417310790917327 -0.000244892157192290189481748141631  0.000665847112889778047772892932699     0.291671519757676744877272767553     0.659206435368418164344461729343   0.00111407469161195482598714079359
4
5     5
   0.74697623340468288777316274718   0.333675270627081133056890394073  -0.291659507902192194350732279418 -0.0442700136602227067861292653106  0.0979967851134858763950674642729
  0.333675270627081133056890394073   0.419055222457085319032188408528   0.434819249652201145206475985105 -0.0163694878747410593744504581082   0.145108436986662148182603004898
 -0.291659507902192083328429816902   0.434819249652201145206475985105   0.236934818059844343185460502355     0.5958902635684462101295366665  -0.253181904394065515617739947629
-0.0442700136602226790305536496817 -0.0163694878747410732522382659226     0.5958902635684462101295366665  0.0118370171478091312788905042908    0.56977723044426498155701210635
 0.0979967851134858625172796564584   0.145108436986662175938178620527  -0.253181904394065515617739947629    0.56977723044426498155701210635   0.251758963928265133702666389581
5
2     2
0.830598378876390097680371127353 0.290260794852142400834793534159
0.290260794852142400834793534159 0.502653348478165118429217272933
