4
5
3       5        2       2        5       5        6       2        4       6        5
6          6             5          5             4          4             3          3             2          2             
2
2     2
  -2.75276197397062771798914582178 -0.0170450553840075999523229199895
 -0.017045055384007540971724736778   -1.55131907925212297882922030112
3
5     5
    -4.10933043543844789269314787816  -0.00314248450152591419018421881049    -0.172352490347781717172637172553   -0.0282014314743422034315045721087  0.000245798621776549281597867846472
 -0.00314248450152601653886930144211     -2.75251030403977559046779788332 -0.000304574558007687963556708865553   0.00154694144293915825279228659639   -0.0199093418548152260860728546277
   -0.172352490347782327795300716389 -0.000304574558007390892161447837339     -2.12633751556512251568165083881    0.0505186693671806907879329173738   0.00190811095522133711277490419889
  -0.0282014314743425989484570948207    0.0015469414429393570954707204379     0.050518669367180392415495049363     -2.37796148145317376432217315596  -0.00271839733762323579324693412218
 0.000245798621775967715552546621893   -0.0199093418548151081248764882048   0.00190811095522151405456945383321  -0.00271839733762333987665549273061     -1.55155665235675344071353265463
4
6     6
    -4.59545675732676350833116885042  -0.00795695434051500206928952962926 -0.000601418829465482133143916509965 -0.000775540062840199316898659454012  0.000135444974719213246782539838975 -0.000249762137522259962656850929008
 -0.00795695434051539411679510038766     -4.10916986571878517509048833745  -0.00352796199335566945318176657054    -0.172829487571083101338231813315    0.0326641147084645519504952915213  5.83113764807512147125834189865e-05
-0.000601418829465508153996056162072  -0.00352796199335561957988183223733     -2.75237312092410268959952190926 -0.000275796745673323462355597257556 -0.000362051974613187416141002472614     0.022541778218001847639007095836
-0.000775540062840061840063188292049    -0.172829487571083295627261122718  -0.00027579674567322675152181155056     -2.12629216553462851990730086982   -0.0527513234537333799978320314494  -0.00167684850148437994410421936209
 0.000135444974719139466824702200398     0.032664114708464572767177003243 -0.000362051974613181778289705547991    -0.052751323453733608981330860388     -2.37801508913470449613214441342  -0.00450499821745592443633654511359
-0.000249762137522189326885313498394  5.83113764807477452656314653723e-05    0.0225417782180019829474382220269  -0.00167684850148429667737737247535  -0.00450499821745570933062552398951     -1.55178212639409296436099339189
5
5     5
    -4.10922919227404292996652657166  -0.00289347930672569303781060945369    -0.172747318058592363998471341802    0.0285993090388549364710968347936  0.000423406093174384309807400939007
  -0.0028934793067258175042200107896     -2.75234510742122928661501646275 -0.000282639746936636133967102324505  0.000967415515547930416478950021997    0.0248762011584436476541171145982
   -0.172747318058591919909261491739 -0.000282639746936728941673067083684     -2.12283889628399746740683440294   -0.0425086052976232295352865264704 -0.000656403999499399759542939136736
   0.0285993090388549850433541621442   0.00096741551554801194848232093193   -0.0425086052976235764799817218318     -2.38076626486754561184966405563   -0.0054530258388690612536553459222
 0.000423406093174431147341252312799    0.0248762011584436268374354028765 -0.000656403999499375473414275461437  -0.00545302583886897798692849903546     -1.55199098517166755861751425982
6
2     2
 -2.75241310535509731138859024213 0.0272496929144677435541410659425
  0.02724969291446800029321551051  -1.55213430369637972461305253091
5
3       5        4       6        5       5        6       2        2       2        5
6          6             5          5             4          4             3          3             2          2             
2
2     2
    1.00000000000000199840144432528 2.41126563160776186123257502913e-16
1.94289029309402394574135541916e-16     1.00000000000000199840144432528
3
5     5
     1.00000000000000133226762955019 -4.95588813043124076784806675278e-16  1.78188627047992653729124867823e-16   1.6181717424346153677561233053e-17   -2.994566400404963246728584636e-16
-3.80392332216539230671514815185e-16      1.00000000000000199840144432528  3.97685356867683026393933687359e-16 -3.89879101225787394469080027193e-16 -2.06432093641240044235019013286e-16
 2.71809484642115961605668417178e-16  4.27175655959288746998936403543e-16      1.00000000000000066613381477509 -1.60028240658860454459500033408e-16  -2.1163626406917046551825478673e-16
 7.18826040357889439746941206977e-17 -3.52148865623291840165620669723e-16 -2.33211887301632003755003097467e-16      1.00000000000000044408920985006  1.56125112837912638497073203325e-16
-3.40439482160448392278340179473e-16 -2.25514051876984922273550182581e-16 -1.97758476261356008762959390879e-16  1.36175792864179356911336071789e-16      1.00000000000000111022302462516
4
6     6
     1.00000000000000066613381477509 -5.65098030760706471209431356328e-18  1.26379009796236119189671853746e-16  5.73949525059513909752695326461e-18  1.10127835670215112884307018248e-16  -1.2483232763454976677053309686e-16
 2.36207842836070464054287754152e-17      1.00000000000000066613381477509 -8.55435514091062998431880259886e-17  1.28694797874029376316684647463e-16  6.59194920871186695876531302929e-17  1.17093834628434478872804902494e-16
 1.19508725561056489139488689943e-16 -5.81132364452230376627994701266e-17      1.00000000000000244249065417534  2.90566182226115188313997350633e-17 -3.06178693509906452163704670966e-16  5.72458747072346341155935078859e-17
-4.04559876267598927945812192775e-17  1.48860958282259758789223269559e-16  2.51534904016637028689729049802e-17      1.00000000000000333066907387547 -3.42607886505419401146355085075e-16  6.76542155630954766820650547743e-17
 1.36930499220182938513445947137e-16  8.99887803162968680226185824722e-17 -3.87710696880816385601065121591e-16 -4.08527378592538070734008215368e-16      1.00000000000000199840144432528 -1.80411241501587937818840146065e-16
-1.61088725908822838484013573179e-16  5.50774703622636252475786022842e-17  9.71445146547011972870677709579e-17 -2.94902990916057206050027161837e-17 -2.42861286636752993217669427395e-16      1.00000000000000177635683940025
5
5     5
     1.00000000000000155431223447522 -8.55435514091062998431880259886e-17 -2.77989437025283336879510898143e-16  1.06034972469082333645928883925e-16  1.25767452008318514344864524901e-17
-1.72279725207946654563784250058e-16      1.00000000000000199840144432528  6.76542155630954766820650547743e-17 -4.08093697723543868960405234247e-16  3.34801630863523769221501424909e-16
-2.50233861409654423368920106441e-16  1.52655665885959024308249354362e-16      1.00000000000000155431223447522 -8.88178419700125232338905334473e-16 -1.14491749414469268231187015772e-16
 1.08420217248550443400745280087e-16 -4.63604848954801695981586817652e-16 -1.14058068545475066457584034652e-15      1.00000000000000111022302462516 -1.90819582357448780385311692953e-17
-1.30537941567254733854497317225e-16  3.25260651745651330202235840261e-16 -8.32667268468867405317723751068e-17  8.67361737988403547205962240696e-18                                    1
6
2     2
     1.00000000000000199840144432528 -2.72351585728358713822672143579e-16
-3.46944695195361418882384896278e-16      1.00000000000000088817841970013
5
3       5        4       6        5       5        6       2        2       2        4
5          6             4          5             3          4             2          3             
2
5     2
 0.805447881076108207487607160147  0.455009969954957960158736796075
-0.862101892839323036277221490309  -0.13315481808852092093786723126
 0.673409911171469977020365149656 -0.545686273981274116984252486873
-0.143781740249783296370367224881  0.718852084807827473866836953675
-0.144237125176778196999904935183 -0.828132541209915418178866275412
3
6     5
  -1.04262374802102830706473923783 0.00458543304187431898649718320371  -0.152703817669333913320528495206  -0.494887164631598985842231286369 0.00357018999888472068557354610618
  0.777483116435083387862903236964  -0.568498321613734369783799138531  -0.308274516673836485036730437059 -0.0988392495584520247575710527599  -0.322284117484489374128031613509
  0.326026703700542763719738559303     1.0547374298722860253008093423   0.277781679940208747758845220233 -0.0679948753348064982571230530084   0.167152533655136381618433460972
 -0.299786436793323340932460041586  -0.475027711994322643374033532382   0.114111173005219890264072546415   0.773097499722743330963226071617   0.394539850517998669232611064217
 0.0988826081996222322478828914427  -0.100614481083424814333859842463  -0.780913194083890815910820037971  -0.674773854549926999091269408382   0.507017346819990666340061125084
 -0.186512483917803700839144198653  -0.177235308224709509072880564418   0.212538777772501491503120973903  -0.288691290392637300854516979598   -1.01821111933177022024210600648
4
5     6
   1.01504175039036637073763813532   0.812181120457316496619171175553  -0.326891321998733941356363175146  -0.303448753809292592897861595702   0.095511805959839476964923221658   0.186455379543300381328663206659
-0.0102564172021927767219917626562   0.565282623994418642610071401577     1.0552141469202369616908754324   0.478754621090955401196964658084   0.106875304804978255024394684369  -0.168698034701744575825088645615
   0.17323463222431265129408473058  -0.301384700566380447916969842481  -0.274039659886239961306131363017   0.130539522109385824899518979691  -0.796101500248468929576972641371  -0.219679743958582418539293712456
 -0.494129177657462392847520504802  0.0790774802674099747124003556564  -0.070466892411180689914651509298  -0.773131163565673684701096135541    0.65553849126987517870190913527  -0.302155865564901759956484283975
0.00192097924557055278402262210591  -0.323589895822441853123763166877  -0.175082500370112970067282276432   0.378167537902214412337542626119   0.496763539577302626337740321105    1.02372856694154723555811870028
5
2     5
 0.798344246103702137595803378645  0.863028595126319575392415117676  0.675960826932642699915732009686  0.166416478356937319604824665475 -0.136728726262805161395519348844
-0.458957600601006210361276771437  -0.13936177471548075179619274877  0.519540655157108122175202424842  0.719243155293185831844482436281   0.84184711234190157114198882482
5
3       5        4       6        5       5        6       2        2       2        4
6          5             5          4             4          3             3          2             
3
2     5
 0.805447881076108096465304697631 -0.862101892839323147299523952825   0.67340991117146986599806268714 -0.143781740249783268614791609252 -0.144237125176778252511056166441
 0.455009969954957793625283102301 -0.133154818088520837671140384373 -0.545686273981274228006554949388  0.718852084807827473866836953675 -0.828132541209915418178866275412
4
5     6
   -1.0426237480210280850201343128    0.77748311643508349888520569948   0.326026703700542652697436096787  -0.299786436793323396443611272844  0.0988826081996225236814268555463  -0.186512483917803673083568583024
 0.0045854330418743658240310345775  -0.568498321613734369783799138531    1.05473742987228580325620441727  -0.475027711994322587862882301124  -0.100614481083424814333859842463  -0.177235308224709425806153717531
 -0.152703817669333968831679726463  -0.308274516673836596059032899575   0.277781679940208747758845220233   0.114111173005219876386284738601  -0.780913194083891037955424963002   0.212538777772501435991969742645
 -0.494887164631598985842231286369 -0.0988392495584520386353588605743 -0.0679948753348064843793352451939   0.773097499722743108918621146586  -0.674773854549926999091269408382  -0.288691290392637300854516979598
0.00357018999888470290465791734391  -0.322284117484489374128031613509     0.1671525336551364093740090766   0.394539850517998558210308601701   0.507017346819990777362363587599   -1.01821111933177022024210600648
5
6     5
   1.01504175039036592664842828526 -0.0102564172021928027428439023083   0.173234632224312679049660346209  -0.494129177657462337336369273544  0.0019209792455706000552373424739
  0.812181120457316496619171175553   0.565282623994418642610071401577  -0.301384700566380447916969842481  0.0790774802674100857347028181721  -0.323589895822441853123763166877
 -0.326891321998734052378665637661    1.05521414692023718373548035743  -0.274039659886240016817282594275   -0.07046689241118050950341000771  -0.175082500370112970067282276432
 -0.303448753809292759431315289476   0.478754621090955512219267120599   0.130539522109385741632792132805  -0.773131163565673684701096135541   0.378167537902214523359845088635
 0.0955118059598395185982866451013   0.106875304804978213391031260926  -0.796101500248469040599275103887   0.655538491269874734612699285208   0.496763539577302792871194014879
  0.186455379543300381328663206659  -0.168698034701744686847391108131   -0.21967974395858230751699124994  -0.302155865564901759956484283975    1.02372856694154745760272362531
6
5     2
  0.79834424610370224861810584116 -0.458957600601005988316671846405
  0.86302859512631946437011265516 -0.139361774715480585262739054997
 0.675960826932642699915732009686  0.519540655157108122175202424842
 0.166416478356937236338097818589  0.719243155293185831844482436281
-0.136728726262805050373216886328  0.841847112341901460119686362304
5
3       5        4       6        5       5        6       2        2       2        5
6          6             5          5             4          4             3          3             2          2             
2
2     2
-0.862249028768806158318227517157 -0.140939835003946023483933913667
-0.140939835003946023483933913667  -0.83133299883216238423955246617
3
5     5
 -0.559957341579453093949325648282   -0.40132081309470152286067445857    0.21374920648097270325926899659    0.06931900399215580599321384625  -0.228408599577277493519744666628
  -0.40132081309470152286067445857  -0.431007658556547601502728639389  -0.340886229786147354481329330156  0.0759004208760028775682116020107 -0.0720669899219121695699286078707
  0.213749206480972675503693380961  -0.340886229786147409992480561414  -0.084822119882505694898888748412  -0.552995766620132722657388057996   0.267218974694528765834178329897
 0.0693190039921557088486991915488  0.0759004208760028636904237941962  -0.552995766620132611635085595481  -0.468137668799701478494768025485  -0.355047247150470923759968400191
 -0.228408599577277465764169050999 -0.0720669899219121001809895687984   0.267218974694528821345329561154  -0.355047247150470812737665937675  -0.420417965794160963799441788069
4
6     6
  0.0254662274626194368165599257736   -0.726657301804538469092165087204  0.00601175172125868653022484622284   -0.107187753253511791617924586717    0.352561328558343600736435519138 -0.00234558788449369670647826069398
   -0.72665730180453858011446754972   -0.022532523854768216758914789466    -0.46318710556048847681864799597 -0.00211598392305261230952884154988   0.0042739102582487371873032344638    0.264246104003321935493886485347
 0.00601175172125869260175701214166    -0.46318710556048847681864799597 -0.00132599936435181522606518988994   -0.392229902937967833675969586693  -0.0825972275585653420426623938511 0.000245298348451604072972820347331
  -0.107187753253511791617924586717  -0.0021159839230526183810610074687   -0.392229902937967889187120817951  0.00291336838480231626047345372399  0.00423206163701554238104618477223   -0.316302303972581411173337073706
   0.352561328558343711758737981654  0.00427391025824874065675018641741  -0.0825972275585653420426623938511  0.00423206163701558054496265626199  0.00532524354608102275243641798852   -0.407878971807416612627150698245
-0.00234558788449368846654174980415    0.264246104003321935493886485347 0.000245298348451619685484104138595   -0.316302303972581522195639536221   -0.407878971807416612627150698245 -0.00691662785966804319337519757482
5
5     5
  0.563930213726460460854639222816  -0.400046237092412104718874843456  -0.215921741062635952346226986265  0.0613412769327925377904620063418   0.229401766718332761341159198309
 -0.400046237092412215741177305972   0.428809041321420891801352581751  -0.339364674918497533084860151575 -0.0828022554150528583560841866529 -0.0712850610220790714688376965569
 -0.215921741062635924590651370636  -0.339364674918497477573708920318   0.113313053334456473320024372242  -0.554819058325764502548338441557  -0.265361000187829876306722098889
 0.0613412769327925794238254297852 -0.0828022554150528722338719944673  -0.554819058325764613570640904072   0.452616222410710311585546605784  -0.362996294986057788101163623651
  0.229401766718332705830007967052  -0.071285061022079043713262080928  -0.265361000187829876306722098889  -0.362996294986057732590012392393   0.411030486371436409864799088609
6
2     2
 0.860932869906514852686996164266  -0.13949645994692577710694081361
-0.139496459946925832618092044868   0.83562789634392808935103857948
5
3       5        4       6        5       5        6       2        2       2        4
5          6             4          5             3          4             2          3             
2
5     2
 -0.79689539031363765264615039996  0.450627051301660197513143657488
-0.865471216845549062846032484231  0.144558495975944473199703566024
-0.557478128345776813290513018728 -0.252208328440754803168033504335
-0.393365290877447260076138491058 -0.824788990335652782981412656227
 0.145218086242916294414939670787 -0.824003576536666337837289120216
3
6     5
    1.0127562886751135806662205141 -0.0109671642844146287332218747679   0.337681775394098160347766679479  -0.406281230947136418052423323388 0.00268085834774082175380183201696
   0.81184480972086470185189455151   0.564092219223492730151292562368  -0.314047227785320404169766561608 -0.0380138325442892430205965581536  -0.317024900585988644863277841068
 -0.326400526042727179287794569973    1.05693266766678961587899721053  -0.228184772432450055923425225046  -0.165540710368288823683968757905  -0.181212861475581687997760127473
 -0.319467538315473198462512982587   0.385279524981504972735990577348   0.750759312401158784844312776841  -0.753726855226810599219788855407   0.168610695163238011318185272103
 0.0341278979764255627205038479133  -0.285337439621072663786804923802   0.737685568127329993615148850949 -0.0380072287291292471023140819852   -0.58390122338703664972570095415
 -0.184065731253130970834774871037   0.178677964963681962240471534642    0.10689176758820267965077732697   0.339346516753026794521730380438    -1.0064069578390633097342288238
4
5     6
  -1.04019519632779422479984532401   0.777384306343817721440814239031   0.325600229309174593606002190427  -0.318050755576962884685343624369  0.0324606928438119779478654436389   0.182431314488159551645551914589
 0.0058913433560100324920538739093  -0.567071717202933256452013210946     1.0560521985723749782692948429  -0.387617882199676577759106521626   0.283116041928173800545920357763   0.183377834470669492938910138946
 -0.318588424482614374078082164488  -0.326151171102785963906711685922   0.228573766424895297166841601211   0.733942631717647731015574663616   0.739772735437139727920907716907  -0.105586972585560712190044796444
 -0.414106585370523916367346828338  0.0191999944960130099202988418483  -0.161059147637801991503891940738   0.764529991899740135607999036438  0.0550714358373245657651828821599   0.329991345933062285578074579462
0.00165583202894440534302944456613  -0.316963670574299194448997241125   0.177420229774235022057737864998   0.176283420174771998656382265835  -0.594589498976258679086015490611    1.00173551527722093368311107042
5
2     5
 -0.80346243458541399817818273732  0.863730027989586202075145138224   -0.5635241904370771326426847736  0.375252912497191726259870847571  0.150231278090038333772326950566
-0.446529035064439638880173788493  0.141879318505088863888730088547  0.272592514880574676716662452236 -0.832372966462243568663836867927  0.811854379275044335528832561977
5
3       5        4       6        5       5        6       2        2       2        4
6          5             5          4             4          3             3          2             
3
2     5
-0.796895390313637763668452862476 -0.865471216845549062846032484231 -0.557478128345776813290513018728 -0.393365290877447260076138491058  0.145218086242916155637061592643
 0.450627051301660253024294888746  0.144558495975944528710854797282 -0.252208328440754858679184735593 -0.824788990335652894003715118743 -0.824003576536666337837289120216
4
5     6
    1.0127562886751135806662205141   0.811844809720864812874197014025  -0.326400526042726957243189644942  -0.319467538315473198462512982587  0.0341278979764255696593977518205  -0.184065731253130943079199255408
-0.0109671642844146200596044948838   0.564092219223492730151292562368    1.05693266766678983792360213556   0.385279524981505028247141808606  -0.285337439621072552764502461287     0.1786779649636820177516227659
  0.337681775394098215858917910737  -0.314047227785320459680917792866  -0.228184772432450000412273993788   0.750759312401158784844312776841   0.737685568127329993615148850949   0.106891767588202776795291981671
 -0.406281230947136418052423323388 -0.0380138325442890973038245761018  -0.165540710368288851439544373534  -0.753726855226810821264393780439 -0.0380072287291293026134653132431   0.339346516753026794521730380438
 0.0026808583477408070086522862141  -0.317024900585988589352126609811  -0.181212861475581632486608896215   0.168610695163238122340487734618  -0.583901223387036760748003416666    -1.0064069578390633097342288238
5
6     5
  -1.04019519632779444684445024905 0.00589134335600987376485582203145  -0.318588424482614429589233395745  -0.414106585370523971878498059596 0.00165583202894449186236280890938
  0.777384306343817721440814239031  -0.567071717202933034407408285915  -0.326151171102785908395560454665  0.0191999944960130480842153133381  -0.316963670574299138937846009867
  0.325600229309174593606002190427    1.05605219857237520031389976793   0.228573766424895241655690369953  -0.161059147637802019259467556367   0.177420229774235133080040327513
 -0.318050755576962884685343624369  -0.387617882199676633270257752883   0.733942631717647508970969738584   0.764529991899740024585696573922   0.176283420174771970900806650207
 0.0324606928438119363145020201955   0.283116041928173745034769126505   0.739772735437139616898605254391  0.0550714358373245102540316509021   -0.59458949897625845704141056558
  0.182431314488159496134400683331   0.183377834470669548450061370204  -0.105586972585560684434469180815   0.329991345933062285578074579462    1.00173551527722115572771599545
6
5     2
 -0.80346243458541399817818273732 -0.446529035064439416835568863462
 0.863730027989586202075145138224  0.141879318505088891644305704176
-0.563524190437077021620382311085  0.272592514880574732227813683494
 0.375252912497191837282173310086 -0.832372966462243568663836867927
 0.150231278090038167238873256792  0.811854379275044224506530099461
5
3       5        4       6        5       5        6       2        2       2        5
6          6             5          5             4          4             3          3             2          2             
2
2     2
-0.862053670514867476093456843955  0.146455534227728750851227346175
 0.146455534227728750851227346175 -0.821067568135364522774466422561
3
5     5
 -0.563615210208677330783189063368    0.39957100275084583840268237509   0.225461691175209089088582459226  0.0195026795296456591233269506347  -0.225418327169042614910310362575
  0.399571002750845671869228681317  -0.428253416216845261832446567496   0.281681781338002035219858498749   0.199367473182641918860724672413  0.0748172794808549812550779734011
  0.225461691175209144599733690484   0.281681781338001979708707267491  -0.522966174405681272219226229936   0.528453733366278211036615175544   0.127872889601051337171710997609
 0.0195026795296457666761824611967   0.199367473182642029883027134929   0.528453733366278211036615175544 -0.0398192095196138601265190004597   0.413892331409665359398530881663
 -0.225418327169042642665885978204  0.0748172794808550228884413968444   0.127872889601051337171710997609   0.413892331409665414909682112921   -0.40688088442204145556146954732
4
6     6
  -0.0251619943924206827812195541583     0.725059388988658293229150331172  -0.00690212796798822612182044977658     0.238854051041883952422040238162     0.284759001682207801842139360815  -0.00178993410939604557716164912051
    0.725059388988658293229150331172    0.0226294765371940868881051045491     0.462384634383203929619554628516   0.00298419209274506823034722735599   0.00399902465113726943157779203375      0.25889938330224965268300252319
 -0.00690212796798829811284470281407     0.462384634383203929619554628516   0.00212707225118875624392256185047     0.318515522778518911373168975842    -0.231795027656031160656624479088 -0.000313079456740812450341038264412
    0.238854051041884007933191469419   0.00298419209274495677436389584614     0.318515522778518855862017744585  0.000814095807306300075015248474131   0.00145762822309017554822663242931    -0.140058200965021389938769402761
    0.284759001682207690819836898299   0.00399902465113722085932046468315    -0.231795027656031160656624479088   0.00145762822309014280532102336707  -0.00631897434161907481375841655336     0.480913316844105376279827623875
 -0.00178993410939605555182163598715     0.258899383302249486149548829417 -0.000313079456740840422757088390426    -0.140058200965021362183193787132     0.480913316844105376279827623875   0.00586713318307078776636664940725
5
5     5
  0.56017375839900618306188562201  0.400751417231398732177183319436 -0.226831837701057970058116097789 0.0128407789560574959325522925724  0.223493981625335930152331798126
 0.400751417231398676666032088178  0.431662315140386110279280273971  0.283468450551945916338070219354 -0.192290497316662617466320739368 0.0745457256471584728263479746602
-0.226831837701058108835994175934  0.283468450551945916338070219354  0.500714102145786821296269408776  0.540427317187541778054082897143 -0.132125426775753312957917273707
0.0128407789560574595033592970594 -0.192290497316662700733047586255  0.540427317187541889076385359658 0.0512548973435685353838842104324  0.409963909366236001208250172567
 0.223493981625335902396756182497 0.0745457256471584589485601668457 -0.132125426775753340713492889336  0.409963909366235890185947710052   0.41505106726656443294487530693
6
2     2
0.863755603947770622674795504281 0.147391953487500365627127507651
0.147391953487500365627127507651 0.817083414973364452471571439673
