5
5
4       5        5       6        6       5        7       2        3       2        5
7          7             6          6             5          5             4          4             3          3             
3
2     2
 -4.21474359400868703318110419787 0.0368698102701659480295859339094
0.0368698102701653096513467744444  -3.15774181759839933647526777349
4
5     5
    -5.76631713740817009039574259077   0.00286835831255941378636897809429    0.0205206498850870958094994023213     0.113455219096797885192096089213 -1.71958023914009494603760686005e-05
  0.00286835831255918827231710110937     -4.21446317169402817626178148203  0.000112405859002677466218500512696     -0.00572721257746285766776495052   -0.0372980160162086626929323074364
   0.0205206498850876856154812344357  0.000112405859003107677640542760855      -4.1296182607197762237660754181  -0.00738617018794940349835087545216    0.0043174270705483852594852578477
    0.113455219096797815803157050141  -0.00572721257746265297039478525676  -0.00738617018794969493189483955575     -3.54210911989139498601275590772  -0.00122465363927914960839871127973
-1.71958023911650270676432228356e-05   -0.0372980160162082879926614964461   0.00431742707054851015957552817781  -0.00122465363927914960839871127973     -3.15842471684143832888480574184
5
6     6
    -5.76696280162815533287812286289 -0.000617838951460368936488554147957  -0.00321500765759875819366220284223    0.0208161267044695563743772481757     0.111693469541186876647920200867  -0.00010814968512099648600965906553
-0.000617838951461223829901558968203      -5.2754705200158333866511384258  7.69834056348899940704771927003e-05  -0.00339084828304964721462644305916  6.29802333522989606692105146735e-05  0.000194165409891804629453210262469
 -0.00321500765759892559447763460412  7.69834056358910921464416832194e-05     -4.21462301358721447286370676011 -0.000121253760505021790372381929046   0.00319700999069993246903820249827    0.0373904405122353900026155315572
   0.0208161267044694245353930739384  -0.00339084828304955267219700232317 -0.000121253760505075566800137210066     -4.12731526473458831816287784022  -0.00620065650549217473042062920285   0.00455991149719049693178618554157
    0.111693469541186723992254314908  6.29802333517294563730581913319e-05   0.00319700999069997410240162594164  -0.00620065650549277841419026913172     -3.54246343085196802036307417438 -0.000882163435294569531208708212944
-0.000108149685121267102871911447437  0.000194165409890929407249471339014    0.0373904405122353622470399159283    0.0045599114971909687765716512331 -0.000882163435294958109267327017733     -3.15930935427349002253549770103
6
5     5
    -5.76722582638443448388443357544    0.0026823412734739374846393289431    -0.020482882437124039221032489877      0.10974266100461135819976732364 -0.000116298995085249365355473116779
  0.00268234127347448912670468956776     -4.21513303410550488337094066082 -9.34505104691618626588933693711e-05  8.67828861170205634323338017566e-05   -0.0370244153236058692879595355407
  -0.0204828824371243653490459735167 -9.34505104693231919421592124309e-05     -4.12953496275524667424861036125    0.0068816504755635533874258413789  -0.00347998807576131718999334907494
    0.109742661004610955743920897021  8.67828861173848553622889312464e-05   0.00688165047556320644273064601748     -3.54041881683306414174694509711 -0.000493086968209335840818141605268
-0.000116298995084411493916576318952    -0.037024415323605390504280165942  -0.00347998807576131025109944516771 -0.000493086968209571763210874451033     -3.16038232150123121755314059556
7
2     2
  -4.21607208329723626150098425569 -0.0359616472601545847376236508808
-0.0359616472601548969878493267061   -3.16176013456910931509469264711
5
4       5        5       6        6       5        7       2        3       2        5
7          7             6          6             5          5             4          4             3          3             
3
2     2
     1.00000000000000244249065417534 -3.19189119579732505371794104576e-16
-1.83880688453541552007663995028e-16      1.00000000000000333066907387547
4
5     5
     1.00000000000000088817841970013  3.46944695195361418882384896278e-17  2.33320307518880554198403842747e-16   3.9898639947466563171474263072e-17 -7.11236625150490908708889037371e-17
 1.21430643318376496608834713697e-16      1.00000000000000155431223447522  1.07552855510562039853539317846e-16  1.83880688453541552007663995028e-16 -5.30825383648902970890048891306e-16
 2.47198095326695010953699238598e-16  5.03069808033274057379458099604e-17      1.00000000000000177635683940025  5.75928194024299955344758927822e-16 -2.08166817117216851329430937767e-17
-5.20417042793042128323577344418e-18  1.52655665885959024308249354362e-16   6.1062266354383609723299741745e-16      1.00000000000000133226762955019 -4.16333634234433702658861875534e-17
-2.94902990916057206050027161837e-17 -5.68989300120392726967111229897e-16 -6.24500451351650553988292813301e-17  1.38777878078144567552953958511e-17      1.00000000000000222044604925031
5
6     6
     1.00000000000000022204460492503  5.68460751561306043555532596656e-17 -4.68375338513737915491219609976e-17 -1.56558793706906840270676184446e-16  3.57353036051222261448856443167e-16 -3.40005801291454190504737198353e-16
 9.02327258051061065202702593524e-17      1.00000000000000199840144432528 -4.37038507597117820147047950741e-16  1.82891353971148529211632194347e-17 -4.37190973527623594208080248791e-16  2.44514694949793387479530792916e-16
-1.65232411086790875742735806853e-16 -4.74900880339385045303401966521e-16      1.00000000000000088817841970013  2.30718222304915343556785956025e-16  4.54497550705923458735924214125e-16  5.89805981832114412100054323673e-16
-7.28583859910258979653008282185e-17 -1.16043513773839146452360182593e-17  1.68268177169750288157956674695e-16      1.00000000000000199840144432528  2.42861286636752993217669427395e-16  2.01227923213309622951783239841e-16
 3.72965547335013525298563763499e-16 -4.03695902661399541599962503824e-16  4.68375338513737915491219609976e-16  2.77555756156289135105907917023e-16      1.00000000000000177635683940025  9.71445146547011972870677709579e-17
-3.20923843055709312466206029058e-16  2.10294563880719653781170563889e-16  6.80011602582908381009474396706e-16  1.94289029309402394574135541916e-16  2.08166817117216851329430937767e-16      1.00000000000000288657986402541
6
5     5
     1.00000000000000133226762955019  2.09901540593193658423842862248e-16  1.31296883087994586958302534185e-16  1.50487261540988015440234448761e-16 -2.66280053562439888992230407894e-16
 2.23345647532013913405535276979e-16      1.00000000000000111022302462516 -3.46077333457373015335178934038e-16  2.25514051876984922273550182581e-17 -5.82867087928207183722406625748e-16
 1.97324795392361806989356409758e-16 -3.12250225675825276994146406651e-16      1.00000000000000088817841970013 -2.44596010112729800312081351876e-16 -1.31838984174237339175306260586e-16
  9.3458227268250482211442431435e-17 -3.46944695195361418882384896278e-18 -1.83880688453541552007663995028e-16      1.00000000000000088817841970013  -4.8572257327350598643533885479e-17
-2.34187669256868957745609804988e-16 -5.55111512312578270211815834045e-16 -1.04083408558608425664715468884e-16  7.63278329429795121541246771812e-17      1.00000000000000266453525910038
7
2     2
     1.00000000000000199840144432528  -4.7357950894166833677445538342e-16
-4.77048955893621950963279232383e-16      1.00000000000000222044604925031
5
4       5        5       6        6       5        7       2        3       2        4
6          7             5          6             4          5             3          4             
3
5     2
-0.640061453295187043899261425395 -0.395946452050408070899578660828
-0.808143178268204254166562350292 -0.178495241223706219146905027628
-0.856281693059076420837527621188  0.307760180705499430953153705559
 0.169810516481687046042026167925  -0.96382686645890947030324014122
 0.190695849632499137005225975372  0.715845118763640875236831107031
4
6     5
    0.988535344204648502852705860278     0.451100280280055998538557560096    -0.358987043290238561077387657861    -0.112241870835760024216476438141    -0.278157074055743247509298043951
   -0.832993995853525848183096513822   0.00523116912392705517287350147626    -0.516247462378889077072585678252    -0.576231732300484189579492522171 -7.58323453364424950691111138035e-05
     0.25984388101046396180038300372    -0.987958902709545783160649534693     0.355729531273006827074567581803      -0.0824559101539524275104042772     0.224622256556819971384797440805
   -0.355844947667622979459167709138     0.597875410880522095702360729774     0.352241961262647285124671725498     0.787323231972915538179336181202     0.218594825553363736325707122887
   -0.117453174997603812523827571113    -0.121301068222868985158058308116     0.775959761498829059256365781039     0.118929990708632679630163409001    -0.684845150344617126236812509887
    0.162459010916640889110595935563    -0.236028755353784203130373953172    -0.120969312619160856980826679319     0.383652160814433762503483649198     0.880878228775134886063824524172
5
5     6
     0.98602002773677843716626512105      0.83699457460538995157151020976    -0.259089663997933594696831960391     -0.35698438346832384038265217896    -0.114426458815555256998131028467    -0.159762773717751216384641566037
   -0.450571558362440782730118371546   0.00162007290225782939196985665831    -0.986920591069547992191246521543    -0.608097497773425921252510306658     0.132731021891388606404049710363    -0.226490837003047562614455046059
    0.354883785560525744084969801406    -0.513881716488704731737868769414     0.346333886384548705894559361695    -0.355924425986908710139999811872    -0.785024423570078511147585231811      -0.1272812810980496478485690659
   -0.117055546100603743986390270493     0.571304938579601517822936784796    0.0718951079561107875282033319309      0.78131054637668617690593464431     0.118066070478911766539198424653    -0.396480654391461406760299723828
    0.279962489188548158125513509731 -0.000890456740292359938404587182958     0.234693989469755753818347443485    -0.209226127435178071989341219705     0.672601860608509793948428523436     0.883661221149498410376565971092
6
2     5
 0.636740519158832340984588427091 -0.805826853975868728774401006376  -0.86073231196041877222313587481 -0.177985834945989795929932597573  0.183105474543984930724249693412
-0.394711162760944034300081284528  0.187500805339061160648128634421 -0.297827802996461832307772965578 -0.959019326338912403429048936232 -0.723330009346377256207460959558
5
4       5        5       6        6       5        7       2        3       2        4
7          6             6          5             5          4             4          3             
4
2     5
-0.640061453295186932876958962879 -0.808143178268204365188864812808 -0.856281693059076420837527621188  0.169810516481687129308753014811  0.190695849632499025982923512856
-0.395946452050408181921881123344 -0.178495241223706246902480643257  0.307760180705499264419700011786 -0.963826866458909581325542603736  0.715845118763641097281436032063
5
5     6
    0.988535344204648169785798472731    -0.832993995853525848183096513822     0.259843881010464017311534234977    -0.355844947667622868436865246622    -0.117453174997603854157190994556     0.162459010916641138910776476223
    0.451100280280055943027406328838   0.00523116912392710201040735285005    -0.987958902709546005205254459725     0.597875410880522095702360729774     -0.12130106822286899903584611593    -0.236028755353784147619222721914
   -0.358987043290238616588538889118    -0.516247462378888966050283215736      0.35572953127300666054111388803     0.352241961262647285124671725498     0.775959761498829059256365781039    -0.120969312619160773714099832432
   -0.112241870835759982583113014698    -0.576231732300484300601794984686   -0.0824559101539524968993433162723     0.787323231972915649201638643717     0.118929990708632776774678063703     0.383652160814433762503483649198
   -0.278157074055743414042751737725 -7.58323453363962673989817631082e-05     0.224622256556819888118070593919     0.218594825553363680814555891629    -0.684845150344616904192207584856     0.880878228775135219130731911719
6
6     5
    0.986020027736777993077055270987    -0.450571558362440616196664677773     0.354883785560525855107272263922    -0.117055546100603632964087807977     0.279962489188548324658967203504
    0.836994574605390062593812672276   0.00162007290225779252909599215116    -0.513881716488704620715566306899     0.571304938579601739867541709827 -0.000890456740292248265580821176002
   -0.259089663997933594696831960391    -0.986920591069547992191246521543     0.346333886384548650383408130438    0.0718951079561107736504155241164     0.234693989469755587284893749711
   -0.356984383468323951404954641475    -0.608097497773425588185602919111    -0.355924425986908821162302274388      0.78131054637668617690593464431    -0.209226127435178099744916835334
   -0.114426458815555340264857875354     0.132731021891388661915200941621    -0.785024423570078622169887694326     0.118066070478911905317076502797     0.672601860608509793948428523436
   -0.159762773717751188629065950408    -0.226490837003047396081001352286      -0.1272812810980496478485690659    -0.396480654391461240226846030055     0.883661221149498410376565971092
7
5     2
 0.636740519158832229962285964575 -0.394711162760944200833534978301
-0.805826853975868950819005931407  0.187500805339061105136977403163
-0.860732311960418550178530949779 -0.297827802996461943330075428094
-0.177985834945989573885327672542 -0.959019326338912292406746473716
 0.183105474543984847457522846526  -0.72333000934637747825206588459
5
4       5        5       6        6       5        7       2        3       2        5
7          7             6          6             5          5             4          4             3          3             
3
2     2
  -0.8057413986568308095215229514 -0.188372563917775903696849582047
-0.188372563917775959208000813305  -0.71900571249229849879469611551
4
5     5
 -0.695974835709767813973769534641   0.319624495641248618227336919517   0.251592579752685341354379033874  0.0863493476259425546404102647102  -0.198231083778779321180607553288
  0.319624495641248562716185688259  -0.400863929088965342817374448714   0.434240815536235946758836234949 -0.0927097003098691641032047527915   0.097427373317752433146132773345
  0.251592579752685452376681496389   0.434240815536235835736533772433  -0.248577853029933015793773165569  -0.551322993140325623429021106858   0.150309651302039881670680188108
 0.0863493476259424436181078021946  -0.092709700309869150225416944977  -0.551322993140325623429021106858 -0.0846813503580839260775903198919  -0.476003438339260009914966076394
 -0.198231083778779293425031937659  0.0974273733177524470239205811595   0.150309651302039853915104572479  -0.476003438339260009914966076394  -0.363120317106564560738490854419
5
6     6
 0.00320667692630233810285877993351   -0.590383629420217159733397238597   -0.368743363259489698169346638679  -0.0020008781674850178132485378768  0.00226511998100069680828205775924   -0.227573036443872805945076720491
  -0.590383629420217159733397238597 0.000777352104613596899332361722657 -0.00136668313766183835596124129808   -0.365215047332076880870488366782   -0.405289403970235606600169830926 0.000451517368921284384386538590661
  -0.368743363259489642658195407421 -0.00136668313766180431201302525324  0.00212982405378201161000317753746   -0.494927897385814774544599004003    0.103500904170032603790474468042 -0.00142143076494997272485321104796
-0.00200087816748501998165288284781   -0.365215047332076825359337135524   -0.494927897385814608011145310229 -0.00183644659123689216878583252424 -0.00241874151119336744386600912549    0.173999272825175355094984297466
 0.00226511998100079742224366441405   -0.405289403970235606600169830926    0.103500904170032687057201314929 -0.00241874151119339346471814877759 0.000891115278075886585451570454097   -0.554248720465294386627874700935
  -0.227573036443872750433925489233 0.000451517368921232342682259286448 -0.00142143076494997792902363897838    0.173999272825175327339408681837    -0.55424872046529449765017716345 -0.00331204462237109920064170864862
6
5     5
  0.698863328443340980911102633399   0.318445173010972859550804514583   0.253311145057713738015792159786 -0.0828175300679102888157245843104  -0.196255393725570576046735027376
  0.318445173010972915061955745841   0.404162501492901005128999258886  -0.429410002267368362538491055602 -0.0883589230196299008079918735348 -0.0947681081512147110990085252524
  0.253311145057713793526943391043  -0.429410002267368196005037361829   0.250485658234329444660204444517  -0.548712249048438405196748135495  -0.151975373432305771448369569043
-0.0828175300679102194267855452381 -0.0883589230196299146857796813492  -0.548712249048438294174445672979  0.0859450117036502925227381410878  -0.482563496564208715966515228502
 -0.196255393725570576046735027376 -0.0947681081512146694656451018091  -0.151975373432305771448369569043  -0.482563496564208938011120153533   0.358580119316726508849058063788
7
2     2
 0.806611282134663265530605258391 -0.186360802700813510401900430224
-0.186360802700813565913051661482  0.722075036894420208000155980699
5
4       5        5       6        6       5        7       2        3       2        4
6          7             5          6             4          5             3          4             
3
5     2
-0.645655834513019333265049226611  0.402369973369376021654630903868
-0.800225716623324534459982260159  0.176256235535444727435816503203
 0.874913503283919147257563508902   0.36513353572660123269599807827
 0.155013226597434661258034793718   0.94106911565403605912649709353
-0.187780315347262027891872548935  0.752333582887925400584094859369
4
6     5
   0.989212686238175598063548932259    0.456132263897913892147784054032    0.367076347799890956302704125847    -0.13339440076186345751629858114    0.282305917714889220704321814992
   0.836143258100834452228866666701 -0.00638781462062168719356902713002    -0.48031279164821299998422432509    0.613257468867846045057490300678  0.00294221900930800124226993652599
   0.260331771448648552347293616549    -0.98081394640594909972719506186   -0.359904111598272846705981464766   -0.072106765842499864760384298279   -0.221988503851148877288324001711
   0.364535087692515302748574868019   -0.612470612653545409820310396753    0.265481907676143880081554016215   -0.812342109487026897696182459185    0.258362387650995783960894414122
  -0.136975541000086714626959860652   -0.112020708754897321823840172783   -0.801526962477042470567312193452    0.225539602558738977444718898369    0.668036291521391101255744615628
  -0.165413143812255830633617392778    0.231672783388204628352013969561   -0.146463883766526192786727733619   -0.379606422041755209306757024024    0.920772448615051364306793857395
5
5     6
   0.990834728567922651265575950674   -0.835190369957780953669157497643   -0.262464156227286582456770247518    0.363362419320482188389576094778    -0.13486055619136172456506983508    0.161800962582437729553319627485
  -0.453378766118551768116162747901  -0.0017394408354701993996843656376   -0.982387948598959392931817546923    0.617161354052595978458839454106    0.116030275638133978377553034989    0.224011254755325461829329469765
  -0.363199925267453538335615803589   -0.478710954881026606866356587489   -0.354147664682794349744199280394    -0.26572849636558465435953735323    0.811557761224292351087683528021   -0.148457598426421755188897577682
  -0.134370426621747668383122231717   -0.610116838754922730103658068401     0.06920639849850353242377565266   -0.805054699542829155234358040616    0.228342297138383637511438450929    0.387944331657873675567316240631
  -0.284773478265693991140494745196 -0.00234659447283113928306441664517   -0.229092252163492660077537266261    -0.25460764786701528539225591885   -0.660248992685917635014902771218    0.922019806809243891443372831418
6
2     5
 0.642952001857853727706526569818 -0.803649898721885524999208882946  0.874390578475794710833213230217 -0.158720782294227924502649784699 -0.181622519518252922843259966612
 0.400362286846395465378378730747 -0.181763079523109938318015110781 -0.359064983216703770274591533962  0.940337765098210653924581947649  -0.75465527014182343101822425524
5
4       5        5       6        6       5        7       2        3       2        4
7          6             6          5             5          4             4          3             
4
2     5
-0.645655834513019444287351689127 -0.800225716623324423437679797644  0.874913503283919147257563508902  0.155013226597434550235732331203  -0.18778031534726213891417501145
  0.40236997336937596614347967261  0.176256235535444616413514040687  0.365133535726601343718300540786   0.94106911565403605912649709353  0.752333582887925400584094859369
5
5     6
   0.989212686238175820108153857291    0.836143258100834452228866666701    0.260331771448648552347293616549    0.364535087692515524793179793051   -0.136975541000086936671564785684   -0.165413143812255802878041777149
   0.456132263897913892147784054032 -0.00638781462062166117271688747792   -0.980813946405948988704892599344   -0.612470612653545520842612859269   -0.112020708754897238557113325896    0.231672783388204545085287122674
   0.367076347799891067325006588362   -0.480312791648213055495375556347   -0.359904111598272791194830233508    0.265481907676144046615007709988   -0.801526962477042581589614655968   -0.146463883766526109520000886732
  -0.133394400761863485271874196769    0.613257468867846045057490300678  -0.0721067658424998925159599139079   -0.812342109487026897696182459185    0.225539602558738783155689588966   -0.379606422041755320329059486539
   0.282305917714889165193170583734  0.00294221900930796090994912006522   -0.221988503851148960555050848598    0.258362387650995728449743182864    0.668036291521391212278047078144    0.920772448615051475329096319911
6
6     5
   0.990834728567922651265575950674   -0.453378766118551601582709054128   -0.363199925267453704869069497363   -0.134370426621747557360819769201   -0.284773478265693824607041051422
  -0.835190369957781064691459960159 -0.00173944083547005064714630062639   -0.478710954881026606866356587489   -0.610116838754922841125960530917 -0.00234659447283116573759742529148
   -0.26246415622728652694561901626   -0.982387948598959392931817546923   -0.354147664682794405255350511652   0.0692063984985035046682000370311   -0.229092252163492632321961650632
   0.363362419320482243900727326036    0.617161354052595978458839454106    -0.26572849636558465435953735323   -0.805054699542829155234358040616   -0.254607647867015396414558381366
  -0.134860556191361669053918603822     0.11603027563813395062197741936    0.811557761224292462109985990537    0.228342297138383498733560372784   -0.660248992685917746037205233733
   0.161800962582437701797744011856    0.224011254755325434073753854136   -0.148457598426421866211200040198    0.387944331657873675567316240631    0.922019806809243891443372831418
7
5     2
 0.642952001857853727706526569818  0.400362286846395520889529962005
 -0.80364989872188541397690642043 -0.181763079523110021584741957668
 0.874390578475794488788608305185 -0.359064983216703770274591533962
-0.158720782294228091036103478473  0.940337765098210431879977022618
-0.181622519518252895087684350983 -0.754655270141823542040526717756
5
4       5        5       6        6       5        7       2        3       2        5
7          7             6          6             5          5             4          4             3          3             
3
2     2
-0.801062027486893590833005873719  0.185277442057231456207233577516
 0.185277442057231289673779883742  -0.75106895098728232440521423996
4
5     5
 -0.697899187859219449769909715542    0.32123757219108800553541982481  -0.258577776342099996398360417516  0.0983872428007098454028067635591   0.202289967483661320413190765066
   0.32123757219108800553541982481  -0.401570373615821818447102486971   -0.44177207785527261574287649637 -0.0821470964810713799586494587857 -0.0953640730032184469333600418395
 -0.258577776342099996398360417516  -0.441772077855272504720574033854  -0.186155482433467411862437757009   0.568072420114984821815085069829   0.181347053695071119827630923282
  0.098387242800709873158382379188 -0.0821470964810713383252860353423   0.568072420114984932837387532345  -0.162717273700847098183430716745   0.467263100290442989770411941208
  0.202289967483661292657615149437 -0.0953640730032184608111478496539   0.181347053695071064316479692025   0.467263100290443045281563172466  -0.375250310561100086648167462045
5
6     6
 0.000190340635331411609301732745791     0.590664147319868826357947000361    -0.371742611903673081386045851104   0.00158182627871456980492292920815  0.000537489060505765697817182058316     0.231996988194589637277687188543
    0.590664147319868826357947000361   0.00358681590657364875868173825779   0.00189252052357231242453450281715    -0.338352800599674652382020667574     0.433657874805681908814136704677   0.00208033372552787320514111613079
   -0.371742611903672970363743388589   0.00189252052357224672188285019558  -0.00179803983285110966644504415513     0.505050334503576392464196942456     0.092198194456882681668830059607  0.000581875175236813702017713012538
  0.00158182627871459799417941383126    -0.338352800599674596870869436316     0.505050334503576392464196942456    0.0026570142828269884688330293443    0.0019787383389356857921193011407     0.209718091065532574734930904015
 0.000537489060505753554752850220666     0.433657874805681908814136704677    0.0921981944568827094244056752359   0.00197873833893569273101320504793  -0.00257893221353404367146566755764     0.541719050546024094572317153506
    0.231996988194589637277687188543    0.0020803337255279490992931901161  0.000581875175236792885336001290852     0.209718091065532658001657750901     0.541719050546023983550014690991 -0.000698567565058497152996608292597
6
5     5
  0.700586025778955567844263896404    0.32179847276977846526335724775  -0.258265462047079119578540939983 -0.0965407933931509421032757245484   0.199626099265500067669876216314
   0.32179847276977846526335724775   0.399411416448445022453483943536    0.43809593357920145750838969434 -0.0812499322206440832694340770104   0.093849641448065221349672526685
 -0.258265462047079064067389708725   0.438095933579201401997238463082   0.191332554006208438446279274103   0.566483462862897857448274407943  -0.180811793821520072622632824277
-0.0965407933931509004699123011051 -0.0812499322206441110250096926393   0.566483462862897857448274407943   0.160787426795905408205555886525    0.47215152632077417305112021495
  0.199626099265500039914300600685  0.0938496414480651797163091032417   -0.18081179382152001711148159302   0.472151526320774062028817752434   0.375083813200211280136642244543
7
2     2
0.802352697470623987818783007242 0.183434564659628929206292013987
0.183434564659628956961867629616 0.753108801878823785891370334866
