6
5
5       5        4       2        7       5        8       2        6       6        5
8          8             7          7             6          6             5          5             4          4             
4
2     2
  -5.63322829536600000466251003672  -0.019222536656270203248020322917
-0.0192225366562707930540021550314   -4.87703390975365458359647163888
5
5     5
   -6.98785610602035323069003425189   0.0030128817917622063848881452941   -0.107989131913003258422811825312   0.0158912306875295603059150550962 0.000698862615796876779361568310378
 0.00301288179176160964001240927246     -5.6319902092242122293441752845 0.000330860463113785696620539056312  0.00124134353117230644691915131261  -0.0170557274293674510090568219312
  -0.107989131913002606166784858033 0.000330860463113917535604713293651    -5.30288304393640430589584866539  -0.0168935361032360245592265357573  0.00143450211277430794698517502184
  0.0158912306875295741837028629106  0.00124134353117253543041798025115  -0.0168935361032354555699264153645    -5.33172360825208890844351117266  0.00685258701256033497806186005619
 0.00069886261579654718190113271703  -0.0170557274293676314202983235191  0.00143450211277502959195118137359  0.00685258701256102886745225077902      -4.876503117059020731005603011
6
6     6
    -7.28189730971482163113250862807   0.00751495995664096163441092457447 -0.000219271599885861954298826859144    0.0011867623664826867056765191677  -0.00138785732169967638248431196502 -0.000269760059115763898424100730722
  0.00751495995664104923794646140323     -6.98748618424376655156038395944   0.00336878760755808873139649506356    -0.108991885876844302183386048455    -0.015551074325457367453218182618   2.9240508083352989565639745706e-05
-0.000219271599886151056808120118902   0.00336878760755739831145305629434     -5.63147688879488583779675536789  0.000754709653597855634199476071444 -9.52630057241901639919490207831e-05    0.0144631575969279280169388357535
  0.00118676236648340748328078753104    -0.108991885876844621372505628187  0.000754709653597314400474971307631     -5.29955946645037201392369752284    0.0141670736288803805758007570148  6.04456565431732428805844392627e-05
 -0.00138785732170016405662149594491   -0.0155510743254564029469655395133  -9.5263005724079141689486505129e-05    0.0141670736288810467096155321087     -5.33608597921342209247086429968   0.00557765151056419106190276124835
-0.000269760059114954866762992047313  2.92405080833946229290631890763e-05    0.0144631575969276782167582950933   6.0445656543728354392897017533e-05   0.00557765151056438535093207065074     -4.87601225250459080484688456636
7
5     5
   -6.98768233036538788383040810004  0.00282847026310079248390128014989   -0.108555272159906582296606813998  -0.0183629031313748275477948368462 0.000806159449363436086954948223138
 0.00282847026310061033793630258515    -5.63174014904550457316645406536 0.000622330518507227536950665580662   0.0013116176519716582493657597297   0.0114591446795718060469582155747
  -0.108555272159906471274304351482 0.000622330518506554464241986579509    -5.30252354943168491274718689965   0.0135363653440234710245704263798  0.00158574100435127096631049425923
 -0.0183629031313751189813388009497  0.00131161765197160273821452847187   0.0135363653440244702252925890207    -5.33239322843655205730328816571  0.00276172794697199242008878172783
 0.00080615944936329730907687007857   0.0114591446795720142137753327916  0.00158574100435168729994472869294  0.00276172794697174261990824106761    -4.87569708340198992857494886266
8
2     2
  -5.63271004053293111724087793846 0.00862978967170888178195298223727
0.00862978967170902055983106038184   -4.87552358790009421340982953552
5
5       5        6       6        7       5        8       2        4       2        5
8          8             7          7             6          6             5          5             4          4             
4
2     2
     1.00000000000000288657986402541 -3.46944695195361418882384896278e-16
-2.53269627492613835784140974283e-16      1.00000000000000244249065417534
5
5     5
     1.00000000000000044408920985006 -5.41667405373758015230123419315e-16 -5.25621213220972549606813117862e-16 -2.48499137933677616274508181959e-16  3.41740524767430997599149122834e-16
-4.54280710271426357849122723565e-16      1.00000000000000288657986402541 -1.21430643318376496608834713697e-16  1.31838984174237339175306260586e-16 -2.15105711021124079707078635693e-16
-3.92264346005255504223896423355e-16 -5.37764277552810199267696589231e-17      1.00000000000000288657986402541 -7.45931094670027050597127526999e-17  8.32667268468867405317723751068e-17
-4.17851517275913408866472309455e-16   7.9797279894933126342948526144e-17  -5.9847959921199844757211394608e-17      1.00000000000000177635683940025 -3.46944695195361418882384896278e-17
  2.8709673527416157412517350167e-16  -1.8735013540549516619648784399e-16   1.2490009027033011079765856266e-16 -4.51028103753969844547100365162e-17      1.00000000000000266453525910038
6
6     6
     1.00000000000000111022302462516  5.49189057945376202241050123121e-16  4.31478583331340592721403481846e-16  6.23958350265407801771289086901e-17 -2.35285423956510530985042350949e-16 -1.44307309157820640166391967796e-16
 6.64505817450471159002489685008e-16      1.00000000000000222044604925031  1.11455983331509855815966147929e-16  6.93889390390722837764769792557e-17  3.55618312575245454354444518685e-16 -3.26995375221628137296647764742e-16
 2.96515741647629393895613247878e-16  3.55618312575245454354444518685e-17      1.00000000000000088817841970013  1.33573707650214146269718185067e-16 -1.96023752785379201668547466397e-16  4.92661467177413214812986552715e-16
 8.01631981281469840894260414643e-17   1.1275702593849246113677509129e-17  1.63064006741819866874720901251e-16      1.00000000000000066613381477509 -1.83880688453541552007663995028e-16 -1.59594559789866252685897052288e-16
-1.97406110555298219821906968718e-16  3.71230823859036718204151839018e-16 -2.04697370165263237140607088804e-16 -1.04083408558608425664715468884e-16      1.00000000000000066613381477509  1.04083408558608425664715468884e-16
-1.53468817515323152633754943963e-16 -3.29597460435593347938265651464e-16   4.2327252813834093103650957346e-16 -2.22044604925031308084726333618e-16  9.71445146547011972870677709579e-17      1.00000000000000177635683940025
7
5     5
     1.00000000000000133226762955019  6.93455709521728635991166811436e-16 -2.08166817117216851329430937767e-16  2.04697370165263237140607088804e-16 -2.84494650060196363483555614948e-16
 5.76361874893294157118361908942e-16      1.00000000000000244249065417534  1.61329283265843059780308976769e-16 -1.28369537222283724986482411623e-16 -7.63278329429795121541246771812e-17
-2.82759926584219556389143690467e-16  2.06432093641240044235019013286e-16      1.00000000000000244249065417534 -4.37150315946155387791804969311e-16 -4.30211422042248159414157271385e-16
 1.45716771982051795930601656437e-16 -2.15105711021124079707078635693e-16 -4.30211422042248159414157271385e-16      1.00000000000000222044604925031 -1.38777878078144567552953958511e-16
-3.45209971719384611787972971797e-16 -7.28583859910258979653008282185e-17  -4.2327252813834093103650957346e-16 -1.11022302462515654042363166809e-16      1.00000000000000177635683940025
8
2     2
     1.00000000000000133226762955019 -3.53883589099268647260032594204e-16
-4.09394740330526474281214177608e-16      1.00000000000000199840144432528
5
5       5        6       6        7       5        8       2        4       2        4
7          8             6          7             5          6             4          5             
4
5     2
 0.708753852736925371580412047479  0.526834361286613317432170333632
-0.827415160473340405289377486042 -0.134361912441116476690794456772
 0.775392923675817025142009697447   -0.4175229831945297953588180917
-0.249670101244102077275854867366  0.764957435495722481988423169241
-0.133824386508546611107561830067 -0.846140572965045301145892153727
5
6     5
   0.957006624709059727784676852025    0.020369141600737331737613899918    0.300515148180583446801961144956    0.520133780478062468510813687317 0.000640269181724503234909295912303
  -0.868768894854434758912020697608    0.502804224309286507121896647732    0.291645189253124548223183865048    0.111104956915850941467915902194    0.368844215923139318036305667192
  -0.289169173499498777246685676801     -1.0091515258816901035032742584   -0.315768620937522503933081452487    0.108179763784755689215444363072   -0.176906638484438799574505196688
   0.298942658700893704182277588188    0.543999223117819563633190682594   -0.226679956369643276214986826744   -0.804914979604632874199410252913   -0.291426529315228055594388933969
  -0.127308216774283167183057230432    0.176233320890136602177022950855    0.806395999642923411165895686281    0.499540487485521045307734766538   -0.537511126811238360012623616058
   0.215094272739789343917848896126    0.167450205592437229018543121128   -0.184646720930450869424532811536    0.330986804188650174385344371331     1.01901875422698262596554741322
6
5     6
   -1.00443215225627091591320549924   -0.814171210996164518292061984539    0.290260118716504311731085863357    0.294293870168317595048534940361   -0.132476422940516924686704669512   -0.211664974289598489809449688437
-0.00696900603374194915068384759138    -0.50665658266712343404947205272    -1.01050918070299067252904023917   -0.538730291082643919509109764476   -0.166209918662259259480862283453    0.182928340563220104275643507208
   -0.27536681856606520790720082914    0.310134780595940684477795912244    0.317011858408384805674273820841   -0.212351069864972319400919786858    0.800690511875083776871520058194    0.160750474426286621421056111103
    0.51915542180994300736074364977   -0.137146188058477447313521224714    0.111745026977121172939710902483    0.799664062084659010842813131603   -0.517276094997592195134927806066    0.310891007306215050309816660956
  0.0060434788914599194692423012043    0.368784485377180781817685328861    0.164498587703607673793371191096   -0.323041185460286262021156744595    -0.56116095346159677870190307658    -1.00741250043896224397599326039
7
2     5
-0.719185137798005080789209841896 -0.829382572970636222642326629284 -0.770068830303216600441373884678  -0.22319864583654272505164328777  0.149063438324787966848816722631
  0.51961848678254496380901628072  0.127740429485418971466970106121 -0.448277671732932425641138252104 -0.783797234127076580811888106837 -0.816665361975333681243682804052
5
5       5        6       6        7       5        8       2        4       2        4
8          7             7          6             6          5             5          4             
5
2     5
 0.708753852736925371580412047479 -0.827415160473340627333982411074  0.775392923675817025142009697447 -0.249670101244102077275854867366 -0.133824386508546500085259367552
 0.526834361286613539476775258663 -0.134361912441116559957521303659   -0.4175229831945297953588180917  0.764957435495722481988423169241 -0.846140572965045190123589691211
6
5     6
   0.957006624709059838806979314541   -0.868768894854434869934323160123   -0.289169173499498555202080751769    0.298942658700893593159975125673   -0.127308216774283194938632846061    0.215094272739789427184575743013
  0.0203691416007374011265529389902      0.5028042243092862850772917227    -1.00915152588169032554787918343     0.54399922311781967465549314511    0.176233320890136602177022950855    0.167450205592437256774118736757
   0.300515148180583557824263607472     0.29164518925312449271203263379   -0.315768620937522503933081452487   -0.226679956369643303970562442373    0.806395999642923411165895686281   -0.184646720930450813913381580278
   0.520133780478062357488511224801    0.111104956915850885956764670937    0.108179763784755703093232170886   -0.804914979604632985221712715429    0.499540487485521045307734766538    0.330986804188650229896495602588
0.000640269181724374648531639131477    0.368844215923139151502851973419   -0.176906638484438716307778349801   -0.291426529315228111105540165227   -0.537511126811238248990321153542     1.01901875422698240392094248818
7
6     5
   -1.00443215225627091591320549924 -0.00696900603374215558277748883143   -0.275366818566065152396049597883    0.519155421809942896338441187254  0.00604347889146006952282297319812
  -0.814171210996164518292061984539   -0.506656582667123656094076977752    0.310134780595940628966644680986    -0.13714618805847755833582368723    0.368784485377180781817685328861
   0.290260118716504256219934632099     -1.0105091807029908945736451642    0.317011858408384916696576283357    0.111745026977121048039620632153    0.164498587703607757060098037982
   0.294293870168317484026232477845   -0.538730291082644030531412226992   -0.212351069864972180623041708714    0.799664062084659010842813131603   -0.323041185460286317532307975853
  -0.132476422940516980197855900769   -0.166209918662259120702984205309    0.800690511875083554826915133162   -0.517276094997592195134927806066    -0.56116095346159677870190307658
  -0.211664974289598434298298457179     0.18292834056322004876449227595    0.160750474426286649176631726732    0.310891007306214994798665429698    -1.00741250043896224397599326039
8
5     2
-0.719185137798005302833814766927   0.51961848678254496380901628072
-0.829382572970636222642326629284  0.127740429485418915955818874863
-0.770068830303216711463676347194 -0.448277671732932481152289483362
-0.223198645836542530762613978368 -0.783797234127076913878795494384
 0.149063438324787911337665491374 -0.816665361975333681243682804052
5
5       5        6       6        7       5        8       2        4       2        5
8          8             7          7             6          6             5          5             4          4             
4
2     2
-0.823861700260187457267591071286 -0.139367085340335206122830413733
-0.139367085340335261633981644991 -0.830578234181880814546161673206
5
5     5
 -0.596696710222631709896745633159  -0.354584636857538049170557314937   0.212851254993105809543152417973  0.0869077532744582520463083596951  -0.264995671981145985984795743207
 -0.354584636857538049170557314937  -0.409292853675726098217069193197  -0.392880694342557845732955001949   0.125795842515349587387163410312  -0.075147831346627391724268818507
  0.212851254993105698520849955457  -0.392880694342557845732955001949  -0.172160713246005375731684239327  -0.559266466371583836902914299571   0.220131052342676436506252457548
 0.0869077532744583630686108222108   0.125795842515349698409465872828  -0.559266466371583836902914299571  -0.362800574847155499202955297733  -0.390020343683082026942088305077
 -0.264995671981145985984795743207 -0.0751478313466273362131175872491   0.220131052342676436506252457548  -0.390020343683081971430937073819  -0.398959109052684557372714380108
6
6     6
  -0.0395945977512026023314994915836    -0.691793453506137301367573400057   -0.0114799619075287451935851734675    -0.199180148509316340410535417504     0.370813189926853969957676326885   0.00270052268329746278721636976172
   -0.691793453506137190345270937541    0.0366277121361061261395342114611    -0.412278764253832030739488345716   0.00684838027643638880270771096548  -0.00619110294455798518958866694106     0.302952445166807859955326875934
  -0.0114799619075288041741833566789    -0.412278764253832030739488345716 -0.000358676110169733192156726886424    -0.448965070711878577736086981531    -0.135876285119718998029014755957   0.00184031088051245933501220974904
   -0.199180148509316284899384186247   0.00684838027643639227215466291909    -0.448965070711878577736086981531  6.42734149153695311085243702109e-05   -0.0074051771169623241408697111865    -0.253964934418773380375711212764
    0.370813189926853969957676326885  -0.00619110294455805631325118199015    -0.135876285119718998029014755957  -0.00740517711696232240614623520969   -0.0137246718037264802542152253295    -0.443995235508778396393836374045
  0.00270052268329747189451461863996     0.302952445166807915466478107192   0.00184031088051244545722440193458    -0.253964934418773380375711212764    -0.443995235508778451904987605303    0.0163532703051173788910688244869
7
5     5
  0.592977989742119682148313586367  -0.357581678734170516076318335763  -0.209191251866032656980820547687  0.0976788915853766120944712270102    0.26098133132633982711467979243
 -0.357581678734170571587469567021   0.410183719302478988488758204767  -0.392976480844270559256159458528  -0.120152384099924125493430437928 -0.0725932589790846405364277416083
 -0.209191251866032768003123010203  -0.392976480844270448233856996012   0.150235542460681548160295051275  -0.566444965008443435117158060166  -0.213395695304331611819037561872
 0.0976788915853765704611078035668  -0.120152384099924097737854822299  -0.566444965008443435117158060166   0.359910506142160635523197242946  -0.382414925810540484718558218447
  0.260981331326339716092377329915 -0.0725932589790846544142155494228  -0.213395695304331584063461946243  -0.382414925810540540229709449704   0.422551121763372727890839541942
8
2     2
 0.826753470828449188445574691286 -0.141314305693066022406867432437
-0.141314305693066077918018663695  0.824723034685380218533623519761
5
5       5        6       6        7       5        8       2        4       2        4
7          8             6          7             5          6             4          5             
4
5     2
-0.720731145105734105626993368787  0.499401673456371764103778332355
-0.834359912401688386118792095658  0.129697974900337298365116112109
-0.680356625439214046657809831231 -0.308058390708514096001380266898
 -0.33994382687015134436592234124 -0.833528580769764437796709444228
 0.150342527779072115956537913917 -0.783033509147331163724459202058
5
6     5
   -1.00232486762751715758668069611 -0.00717524583609363206249120992197   -0.368675385867944016560215914069    0.434127317095420350856471713996  0.00118139978108918646329539292594
  -0.814119874671324850190501365432   -0.508189254352910180223545921763    0.320150284545459795637611932762  -0.0823274756902948462444769006652    0.355841415328740751089497962312
   0.291578233876682635372645790994    -1.01486924411088996755836433294    0.279412702284393521523497838643    0.162221592319745783195017452272    0.165627450818480514982411477831
   0.307280471791874787435006055603   -0.467169919641178488234345422825   -0.567998180990054613026529750641    0.803888312688709860687197306106    -0.21624394703770460912650719365
  0.0787349643429869489041905694648    0.258325970162870288682199770847   -0.788110060343688023642982898309    0.198250749015204869030171153099    0.594321550596513703546008855483
   0.202985818127401462795944553363   -0.183593820193718088029655177706   -0.108952488366826930055175637335   -0.316247282444742872087317664409    0.977343353830885219757362847304
6
5     6
  0.954882213432484694415336434759  -0.868667694851749105922067428764   -0.29070467200920424577503808905   0.309557514818813273027586774333  0.0702642756848164684591040440864  -0.207401165047432223254020300374
 0.0186841963522512144457721205981   0.504519940512255127273988364323    -1.0126826709033545093063821696   0.471651015707452714309511065949  -0.273715846655217032168394553082  -0.169557473279394466114666784051
  0.392838155022571466901126768789   0.298650864385216263663380686921  -0.275649635355284972071387983306  -0.583251573824660862754853951628  -0.785964169022939529440918704495   0.126909608948150676166477524021
  0.430969114197626124163065242101  0.0628306772983216188510624533592   0.156940619102132250528569556991  -0.801112848115072995192065263836  -0.178271471068495251932617406965  -0.337680209029522837571590798689
0.00411413574345524668540718948861   0.354716911946439061864566610893   -0.17917308648935717507733045295  -0.191091587879173047115344274971   0.567745378381125376243687696842  -0.988745422518481964502257142158
7
2     5
 0.710544201901099903295744297793 -0.831244134171705728597601137153  0.680584167295136266417898696091  -0.36890178034568127385384173067 -0.139159605996603735755812181196
 0.506957965710904567835370926332 -0.138198437137451113354558174251 -0.285510585272373218490571389339  0.810226282576166800808437074011   -0.8106392070589394371893376956
5
5       5        6       6        7       5        8       2        4       2        4
8          7             7          6             6          5             5          4             
5
2     5
-0.720731145105734105626993368787 -0.834359912401688941230304408236   -0.6803566254392138246132049062 -0.339943826870151455388224803755  0.150342527779072115956537913917
 0.499401673456371875126080794871   0.12969797490033702080935995582  -0.30805839070851431804598519193 -0.833528580769764548819011906744 -0.783033509147331052702156739542
6
5     6
   -1.00232486762751760167589054618   -0.814119874671324850190501365432    0.291578233876682801906099484768     0.30728047179187484294615728686   0.0787349643429869072708271460215    0.202985818127401324018066475219
-0.00717524583609325649485866094324   -0.508189254352910291245848384278    -1.01486924411088996755836433294    -0.46716991964117859925664788534    0.258325970162870122148746077073   -0.183593820193718115785230793335
  -0.368675385867944016560215914069    0.320150284545459962171065626535    0.279412702284393521523497838643   -0.567998180990054502004227288126   -0.788110060343688356709890285856   -0.108952488366827138221992754552
   0.434127317095420406367622945254  -0.0823274756902947907333256694073    0.162221592319745894217319914787     0.80388831268870974966489484359    0.198250749015204813519019921841   -0.316247282444743038620771358183
  0.0011813997810892241935309954215    0.355841415328741028645254118601    0.165627450818480376204533399687   -0.216243947037704775659960887424    0.594321550596513592523706392967    0.977343353830885219757362847304
7
6     5
  0.954882213432485027482243822305  0.0186841963522511277095983217578   0.392838155022571355878824306274   0.430969114197625957629611548327 0.00411413574345522413400200179012
 -0.868667694851748883877462503733   0.504519940512255349318593289354   0.298650864385216263663380686921  0.0628306772983215772176990299158   0.354716911946439117375717842151
 -0.290704672009204134752735626535    -1.0126826709033545093063821696  -0.275649635355284805537934289532    0.15694061910213227828414517262  -0.179173086489357258344057299837
  0.309557514818813273027586774333   0.471651015707452825331813528464   -0.58325157382466108479945887666  -0.801112848115072995192065263836  -0.191091587879173130382071121858
 0.0702642756848165378480430831587  -0.273715846655217032168394553082  -0.785964169022939307396313779464  -0.178271471068495251932617406965   0.567745378381125487265990159358
 -0.207401165047432334276322762889   -0.16955747327939449387024239968   0.126909608948150731677628755278  -0.337680209029522726549288336173  -0.988745422518481520413047292095
8
5     2
 0.710544201901099792273441835277  0.506957965710904567835370926332
-0.831244134171705728597601137153 -0.138198437137451002332255711735
 0.680584167295136488462503621122 -0.285510585272373385024025083112
-0.368901780345681329364992961928  0.810226282576166578763832148979
-0.139159605996603596977934103052   -0.8106392070589394371893376956
5
5       5        6       6        7       5        8       2        4       2        5
8          8             7          7             6          6             5          5             4          4             
4
2     2
-0.830029608414421082862588718854  0.142683301397187684012024533331
 0.142683301397187600745297686444 -0.797987142575704577751594115398
5
5     5
 -0.593238133195040817646770392457   0.358988616057234866119074467861    0.21732718644874687852208694494 -0.0667409457491785901295244798348  -0.249219130935406374405260976346
  0.358988616057234699585620774087  -0.410352393126801107126055967456   0.347338527045332801090893326545    0.18240759628111144485806960347  0.0731838434005205734633747738371
  0.217327186448746850766511329311   0.347338527045332801090893326545  -0.388754357673112893589717486975   0.565420272302778026407565903355   0.141786942825410849922107558996
 -0.066740945749178534618373248577    0.18240759628111144485806960347   0.565420272302778026407565903355  -0.137795184267205161887659414788   0.401406030164880078814348962624
 -0.249219130935406346649685360717  0.0731838434005205734633747738371   0.141786942825410849922107558996   0.401406030164879967792046500108  -0.415438982567616521546227659201
6
6     6
  0.0395802855212477322499609044826    0.690464178580561416254113282776   0.0105750927809830034403981713353    0.273708003693088064434135731062    0.302776179993862026851303426156  0.00234325424787337277879317731788
   0.690464178580561638298718207807  -0.0366883333297276098550199208148    0.413921958988663074574532174665  -0.0075939418160466459414847939513 -0.00367785249034761202446830452573     0.29037306892512854128440835666
  0.0105750927809829357861826082399    0.413921958988663130085683405923  0.00136972691274624309987206771666     0.39044808851604534405410618092    -0.21538981415564351085123462326 0.000176679495843459289164401049277
   0.273708003693087953411833268547 -0.00759394181604662252271786826441    0.390448088516045399565257412178 -0.00225109182824912226750235788586 -0.00197434003885409679879270328229   -0.164344126865946793536465975194
    0.30277617999386191582900096364 -0.00367785249034761896336220843295   -0.215389814155643538606810238889 -0.00197434003885413669743265074885   0.0156541577396792710996642483678    0.473455392854538859026547470421
 0.00234325424787334285481321671796    0.290373068925128485773257125402 0.000176679495843448663983110691333   -0.164344126865946765780890359565    0.473455392854538803515396239163  -0.0152491652188788961996834814272
7
5     5
  0.596841557846021220079535396508   0.356068263683978702971444363357  -0.217844810334671568075037839662 -0.0549781292212608227454317955107   0.254263834045522718607656997847
  0.356068263683978591949141900841   0.410523531378844119821280855831    0.34522868978583881593991122827  -0.187105551294243666049510466109  0.0735087916185667988866470068388
 -0.217844810334671568075037839662   0.345228689785838760428759997012   0.406890916128872570656227480868   0.557407430882666310445472390711   -0.14756657384753760209328277142
-0.0549781292212608782565830267686  -0.187105551294243777071812928625   0.557407430882666421467774853227   0.141987251495241106891143090252   0.408334547653294743785323817065
  0.254263834045522774118808229105  0.0735087916185667433754957755809  -0.147566573847537796382312080823   0.408334547653294743785323817065   0.394185622083847275742840565727
8
2     2
0.827027122967916472617844192428 0.141466532265447975103000999297
0.141466532265448058369727846184  0.80382658543110763194050605307
