7
5
6       5        7       6        8       5        9       2        5       2        5
9          9             8          8             7          7             6          6             5          5             
5
2     2
 -6.99348563835225522922200980247 0.0393735527235508087073867500294
0.0393735527235493099063035060681  -6.36591277382317866084804336424
6
5     5
    -8.53377901986395848155098065035    0.0034154780604067382088206983326    0.0170991481622050356392605863221    0.0633060913836686611766424448433 -0.000331588489059800317626525156811
   0.0034154780604074702621275605452     -6.99059909176708682565504204831 -4.04404606882957651237120444421e-05  0.000623130436208152449495401015156   -0.0412395238879969538992042998871
   0.0170991481622046193056263518883  -4.0440460688129231670018270961e-05     -6.90464181049534442280446455698   0.00835982375389443532753830368165   0.00193303106887066089569771065726
   0.0633060913836690219991254480192  0.000623130436209096139066332398215   0.00835982375389304754875752223597     -6.57406187791153850952241555206  0.000167366388220679951359670667443
-0.000331588489058814994692170330381    -0.041239523887996315520965140422   0.00193303106887054987339524814161  0.000167366388220901995964595698752     -6.36389427775365490447256888729
7
6     6
    -8.53324805238387718020476313541  0.000107416233103965996472164978748   0.00340295096301802130200897522627    0.0179717175394675660049514931416    0.0661082336396708325487736601644  0.000143453401919332867997525227111
 0.000107416233103770487715411530161     -8.24861105940466110553188627819  0.000161155082556305878378061224865   0.00353251431823652138966562752387  0.000170234660846765124483925823995  0.000719036322256460386226351033656
  0.00340295096301815314099314946361  0.000161155082555493539900326460668     -6.98901283055988020720405984321 -2.32294449551556647648453690636e-05  -0.00259650383743573187622644127259    0.0423622851100822206404927783296
   0.0179717175394683917333260581017   0.00353251431823563191020332041603 -2.32294449548919867964968943852e-05     -6.89806793329083234311838168651    0.0106160744702393228244829970208  -0.00336667977692622910623754250992
   0.0661082336396696251812343803067  0.000170234660846606397285873946146  -0.00259650383743562085392397875694    0.0106160744702395171135123064232     -6.57611108619159168142687121872  0.000825371932782203998613113071769
 0.000143453401919874101722029990924  0.000719036322256343292391722599177    0.0423622851100820263514634689272  -0.00336667977692617359508631125209  0.000825371932782370532066806845251      -6.3624481932790102334251969296
8
5     5
    -8.53198822699348369269500835799  -0.00242616233868864043798918572747   -0.0176347441478505451151193028636    0.0673403244682155011080482154284 -0.000101271700253063867691594168718
 -0.00242616233868854155875105504947     -6.98874548407187745624469243921  3.95655515687681758052463010245e-05   0.00520761651817552850829429189616   -0.0426907360867929408509979793962
  -0.0176347441478514506407737627569  3.95655515682061253990298155259e-05     -6.90239760858217277217363516684  -0.00972821516467342606304669061501   0.00378600252885732957430775513785
   0.0673403244682156260081384857585   0.00520761651817427950739158859506  -0.00972821516467296809604903273794     -6.57575517819372468153460431495   0.00149535142925372177558074326953
-0.000101271700251925889091353383265   -0.0426907360867930241177248262829   0.00378600252885713528527844573546   0.00149535142925288910831227440212     -6.36156921494380700465853806236
9
2     2
  -6.99012846485966932164046738762 -0.0420810333895420274341603317225
-0.0420810333895416388561017129177   -6.36139166174390791042014825507
5
6       5        7       6        8       5        9       2        5       2        5
9          9             8          8             7          7             6          6             5          5             
5
2     2
    1.00000000000000155431223447522 5.68989300120392726967111229897e-16
5.82867087928207183722406625748e-16     1.00000000000000288657986402541
6
5     5
     1.00000000000000199840144432528  8.07513778067203702448750846088e-16 -2.08166817117216851329430937767e-17 -1.73472347597680709441192448139e-18  4.68375338513737915491219609976e-16
 8.89913143176102039433317258954e-16       1.0000000000000035527136788005 -1.07552855510562039853539317846e-16  3.53883589099268647260032594204e-16 -1.59594559789866252685897052288e-16
-9.54097911787243901926558464766e-17 -8.67361737988403547205962240696e-17      1.00000000000000333066907387547  7.07767178198537294520065188408e-16 -2.98372437868010820238851010799e-16
 3.81639164714897560770623385906e-17  2.81025203108242749294731765985e-16  8.04911692853238491807132959366e-16      1.00000000000000333066907387547  6.93889390390722837764769792557e-17
 4.82253126321552372246515005827e-16 -1.63064006741819866874720901251e-16 -3.05311331771918048616498708725e-16 -2.77555756156289135105907917023e-17      1.00000000000000199840144432528
7
6     6
     1.00000000000000022204460492503  3.26409228422128161462012485572e-16  4.97865637605343636096222326159e-16 -1.26634813746306917892070487142e-16  7.80625564189563192485366016626e-17  3.64291929955129489826504141092e-17
 4.20626397211118496777260133968e-16      1.00000000000000111022302462516 -2.13709800724048992748294040211e-16   3.7415816972474758017597196158e-16 -7.70054593007829524253793351818e-17 -6.81421065407139536773684085347e-17
 5.11743425413158092851517722011e-16 -1.78459677591114029837626731023e-16      1.00000000000000044408920985006   -1.491862189340054101194255054e-16  -7.9797279894933126342948526144e-17  3.46944695195361418882384896278e-16
-1.55257751099924234949867241085e-16  3.43502353297719942304411233636e-16  -7.9797279894933126342948526144e-17      1.00000000000000022204460492503  2.63677968348474678350612521172e-16 -9.71445146547011972870677709579e-17
-1.56125112837912638497073203325e-17 -7.90925484828175484608436818235e-17  6.93889390390722837764769792557e-18  1.52655665885959024308249354362e-16      1.00000000000000066613381477509  1.38777878078144567552953958511e-17
 3.29597460435593347938265651464e-17 -6.24500451351650553988292813301e-17  3.19189119579732505371794104576e-16 -1.04083408558608425664715468884e-16 -9.71445146547011972870677709579e-17      1.00000000000000177635683940025
8
5     5
     1.00000000000000133226762955019  9.67108337857069955134647898376e-17  1.27285335049798220552474958822e-16   5.7375978967932894647674402222e-16  1.79543879763599534271634183824e-16
 1.21864324187370698382437694818e-16      1.00000000000000177635683940025 -1.73472347597680709441192448139e-16 -1.56125112837912638497073203325e-17  3.95516952522712017525918781757e-16
 5.72458747072346341155935078859e-17 -3.38271077815477383410325273871e-16      1.00000000000000177635683940025 -1.83880688453541552007663995028e-16   4.2327252813834093103650957346e-16
 5.86770215749154999684833455831e-16 -3.29597460435593347938265651464e-17 -2.79290479632265942200319841504e-16      1.00000000000000177635683940025 -3.19189119579732505371794104576e-16
 1.33573707650214146269718185067e-16  4.57966997657877072924748063087e-16  4.82253126321552372246515005827e-16 -2.63677968348474678350612521172e-16      1.00000000000000177635683940025
9
2     2
     1.00000000000000111022302462516 -1.83880688453541552007663995028e-16
-3.88578058618804789148271083832e-16      1.00000000000000310862446895044
5
6       5        7       6        8       5        9       2        5       2        4
8          9             7          8             6          7             5          6             
5
5     2
  0.61675878626048041830642887362  0.469022167223812902481228093166
 -0.79914379799406976001563407408 -0.164644647488332018792078770275
 0.856663805611229012271223837161 -0.272713776622398984539330513144
-0.221872132622767531673346752541  0.911793394214391095253802177467
 0.160092926791400441688395517303  0.761277166023932583271971452632
6
6     5
  -0.959305974891265234028026043234    0.436475255396949035624487578389    0.317796411014461210875481356197    0.157994330843399588548692236145   -0.332540093602560926644429173393
   0.864211639807800247048419350904  0.00381203259306031778941292742502    0.486674215733698400931928063073    0.544882957949017088239429540408 -0.00446772410320337744205065888536
  -0.251532745376239541545970723746   -0.974668288693145590251276644267   -0.345637115126437965972883148424   0.0947514845139529882089846068993    0.212618257617854855556771553893
   0.322642602747887086156453051444    0.602787078435182643865175577957   -0.337569897140546026914620370007   -0.776930092362628665902946067945    0.189621483383034888925422478678
   0.156568742986335857070301358362   -0.169819926619390049182811708306   -0.779031092767271893251290748594   -0.202793814726051679908636060645   -0.635810817943234463101020992326
  -0.188087948358042933438838417715   -0.200141642051486212672273268254     0.11946451894482471023373193475   -0.376042676642276918475005231812    0.932419753475652202112655686506
7
5     6
  -0.960260519256580069580309100274   -0.862559512811273298993341995811    0.251252908693805065976079049506     0.31871235345090592749883739998    0.158997110384238055091898900173    0.192901012687313522242504859605
   0.438235057924401483209209118286 -0.00673137510141592551593525683984    0.976745497235714354999913666688    0.588171827550093895276006605854    -0.15521910535582522649988845842    0.216488542503666114846794243931
  -0.326689555585173208029914349027    0.491547833887161667032472678329   -0.358567788094224182415814539127    0.339082478607304393936061615022     0.76592142153239328727920565143    0.108326223899360279956383124045
    0.15215343107958853585692793331   -0.546221589272510188450837631535    -0.10882803504790787563205611832   -0.785770355723581226392582266271   -0.197623481559971281296128609029    0.358360028690935583650656326427
  -0.328214585694677707383704046151  -0.0014155489632482406991975665278   -0.197067539868081842424629712696    0.204277050309471713829267969231   -0.652882206008494669902120222105   -0.928597432101558206696267916413
8
2     5
 0.621290923458065025286600757681 -0.804939993253835361919357183069 -0.847596839652902223072317156038 -0.214355884325026585512929955257  0.173637623186308626133111943091
  -0.4685500168367372486599720105  0.152074809326632143235968896988 -0.286035158275495582369529756761 -0.917061321642177684765329104266 -0.752697766953391966815445357497
5
6       5        7       6        8       5        9       2        5       2        4
9          8             8          7             7          6             6          5             
6
2     5
 0.616758786260480307284126411105 -0.799143797994069982060238999111  0.856663805611229012271223837161 -0.221872132622767725962376061943  0.160092926791400358421668670417
 0.469022167223812957992379324423 -0.164644647488332102058805617162 -0.272713776622398984539330513144  0.911793394214391206276104639983  0.761277166023932583271971452632
7
5     6
  -0.959305974891265234028026043234    0.864211639807800025003814425872   -0.251532745376239597057121955004    0.322642602747887030645301820186    0.156568742986336079114906283394   -0.188087948358043155483443342746
   0.436475255396948869091033884615  0.00381203259306042013809801005664    -0.97466828869314525718436925672    0.602787078435182643865175577957   -0.169819926619389965916084861419   -0.200141642051486295939000115141
   0.317796411014461099853178893682    0.486674215733698511954230525589   -0.345637115126438132506336842198   -0.337569897140546082425771601265   -0.779031092767271782228988286079    0.119464518944824682478156319121
   0.157994330843399810593297161176    0.544882957949017088239429540408   0.0947514845139528633088943365692   -0.776930092362628887947550992976   -0.202793814726051652153060445016   -0.376042676642276751941551538039
  -0.332540093602560982155580404651 -0.00446772410320339652400889463024    0.212618257617854966579074016408    0.189621483383034972192149325565    -0.63581081794323435207871852981     0.93241975347565209109035322399
8
6     5
  -0.960260519256579958558006637759    0.438235057924401261164604193254   -0.326689555585173263541065580284    0.152153431079588508101352317681   -0.328214585694677762894855277409
  -0.862559512811273187971039533295 -0.00673137510141609551883590256693    0.491547833887161778054775140845   -0.546221589272510410495442556567 -0.00141554896324833133849918631597
   0.251252908693805065976079049506    0.976745497235714466022216129204   -0.358567788094224182415814539127    -0.10882803504790800053214638865   -0.197067539868081814669054097067
   0.318712353450906038521139862496     0.58817182755009400629830906837    0.339082478607304671491817771312   -0.785770355723581337414884728787     0.20427705030947174158484358486
   0.158997110384237971825172053286    -0.15521910535582522649988845842    0.765921421532393176256903188914   -0.197623481559971225784977377771   -0.652882206008494447857515297073
   0.192901012687313494486929243976    0.216488542503665948313340550158    0.108326223899360224445231892787    0.358360028690935528139505095169   -0.928597432101558206696267916413
9
5     2
 0.621290923458065025286600757681 -0.468550016836737470704576935532
-0.804939993253835472941659645585  0.152074809326632143235968896988
-0.847596839652902112050014693523 -0.286035158275495804414134681792
-0.214355884325026613268505570886 -0.917061321642178017832236491813
  0.17363762318630865388868755872 -0.752697766953392299882352745044
5
6       5        7       6        8       5        9       2        5       2        5
9          9             8          8             7          7             6          6             5          5             
5
2     2
-0.797247521984969065300674628816 -0.166090462603144750630690396065
-0.166090462603144722875114780436 -0.761466240030388652471060595417
6
5     5
-0.679218037023663456785982361907 -0.309162584591180678028621287012  0.228084231924780223010884583346  0.116182524320690899743979684899  0.232218966014731381664049081337
 -0.30916258459118073353977251827 -0.397512037475010848730505585991 -0.429960180293384897076691686379  0.113667241669151236616031042104 0.0873679458439119427382024696271
 0.228084231924780139744157736459 -0.429960180293384952587842917637 -0.237090537374316734364754211128 -0.540873091226782620744018004189 -0.139807294440567053683821541199
 0.116182524320690913621767492714  0.113667241669151292127182273362 -0.540873091226782620744018004189 -0.146985283730110355415732215079  0.458302716272561472266033888445
 0.232218966014731464930775928224 0.0873679458439119427382024696271 -0.139807294440567053683821541199  0.458302716272561472266033888445  -0.37945086777382208698128351898
7
6     6
-0.00205404617700764239446309389336   -0.610444352038659210357707252115   -0.358218901789261690016274997106  0.00376054267909133651398567721458 -0.00236958689259754180095329800793   -0.269474843051396795168273001764
  -0.610444352038659210357707252115 -0.00146166654032365986651265110652  0.00113960067336977438103018389626   -0.348619812077518520521124401057   -0.384378849368245234519037012433 -0.00244462262315221171699031188496
  -0.358218901789261634505123765848  0.00113960067336976722529584549193 -0.00372604006372192521345798610355   -0.491132896585099287811715385033    0.132974972371627614409206330492 0.000462132378746864247442971418423
 0.00376054267909132003411265543491   -0.348619812077518520521124401057    -0.49113289658509934332286661629 0.000858191935347639087150461989495  0.00382409230591756327255481551219     0.15906055448578937383530274019
-0.00236958689259762073087145495265   -0.384378849368245179007885781175    0.132974972371627725431508793008  0.00382409230591758582396000321069  0.00100929183405695788167122373125   -0.526364805358305876126223665779
  -0.269474843051396850679424233022 -0.00244462262315223860520418952547 0.000462132378746904146082918884986    0.159060554485789346079727124561   -0.526364805358305765103921203263  0.00414441749302132955712352213595
8
5     5
  0.676440078617599804822191345011   0.310100930854607048647864075974   0.224152933260930914416420023372   -0.11861587951813581942595021701  -0.234964292167111038489579755151
  0.310100930854606882114410382201   0.391600916449912406225308814101  -0.435778038351333496525086275142  -0.120413150135688734598815585741 -0.0888398640493196639633666222835
  0.224152933260930914416420023372    -0.4357780383513335520362375064   0.241433918925095580831907682295  -0.544813528581243544657297661615  -0.136378428399409085125526530646
 -0.118615879518135902692677063897   -0.12041315013568876235439120137  -0.544813528581243544657297661615   0.142303972652447680014020647832  -0.449095060203588136715779910446
 -0.234964292167111149511882217666 -0.0888398640493196223300031988401  -0.136378428399409057369950915017  -0.449095060203588136715779910446   0.384389126973649242202668574464
9
2     2
 0.797387409474187625058050343796  -0.16820629083986649021653647651
-0.168206290839866462460960860881  0.757931798038150139618096545746
5
6       5        7       6        8       5        9       2        5       2        4
8          9             7          8             6          7             5          6             
5
5     2
 0.626327350425544771006514110923 -0.470172455292407753812966575424
-0.801255380593499433317106195318  0.152578101550517514217730763448
-0.870338426173785317807585215633 -0.320450899284082990625677211938
-0.215782872619683485648778287214 -0.905042538762338533153695152578
-0.155677473508613911645781513471  0.791668760371089130778443632153
6
6     5
  -0.962907897476850460627417760406      0.4413296854329653573500991115   -0.327140972779880301324340052815    0.168038736491412959983549058052    0.334726223346026086069571192638
  -0.862701540618044160346755688806 -0.00525483652559737262482952857567    0.466781299958550333073503679771   -0.572215629456815144671111283969 -0.00240022051422459151148736111736
  -0.254992029383227347683060770578   -0.979764499110750142207848512044    0.349291406890374078741956509475   0.0996114466610842769211942027141   -0.199276511726817595615557365818
  -0.327598007922398792857165972237   -0.610379813210133348455599389126    -0.27718624394765750684754834765    0.790308755514720129298211759306     0.22721521215595705256440339781
   0.170526026406840169880041457873   -0.159631926273362423351898087276    0.800712892799899433882160337816   -0.276943990589513633349127985639    0.632187961427198796826587567921
   0.189880470520184557736698138797    0.193905569750398659722989691545    0.134734377744621575123673551388    0.378863873413743224016769772788    0.963317095974171255789997303509
7
5     6
  -0.962514693242054852895250860456    0.862594407290855902381565556425    0.251124649302721825172568514972   -0.326577384749100807503907617502     0.17234039224598227124651828035    -0.19513711197129388064119837054
   0.445007758010739384868514889604   0.0123368094619555092317231270727    0.977977664194846219025691880233   -0.604354136403047026426804677612   -0.156763696155943654808595510985   -0.204986827406473476331782990201
   0.330576952615618979702816204735    0.466009928231296166600827746151    0.356745967191508583926662367958    0.274437950802654595516827384927   -0.784266166818225474166581534519    0.130332163178819154802923208081
   0.166685517894391371784834632308    0.577171400425752656460076650546   -0.100643481532206563455744685598    0.803505668389683180841132070782   -0.278281798818226122627095264761   -0.361999722582914795765418602969
   0.331784152586564962117421373478 -0.00503319971876015764822298592662    0.190361827407808353873619466867    0.236583797857948197052024852383    0.645590655466918184046676287835   -0.961197493729433416476126694761
8
2     5
 0.627052586916741594436075502017 -0.796700873688515276427324351971  0.873490921647144369366344562877  -0.20829412216467618756965407556 -0.166267651126454973908863621546
 0.474273649899144889019453330548 -0.146526767619414383103659815788 -0.333965548414335178240008872308  0.903965140587448812148352317308 -0.786308990947675368055058697792
5
6       5        7       6        8       5        9       2        5       2        4
9          8             8          7             7          6             6          5             
6
2     5
 0.626327350425544659984211648407 -0.801255380593499544339408657834 -0.870338426173785317807585215633 -0.215782872619683541159929518471 -0.155677473508613772867903435326
-0.470172455292407753812966575424  0.152578101550517597484457610335 -0.320450899284082990625677211938 -0.905042538762338533153695152578  0.791668760371089130778443632153
7
5     6
  -0.962907897476850460627417760406   -0.862701540618044160346755688806   -0.254992029383227347683060770578   -0.327598007922398737346014740979    0.170526026406840280902343920388     0.18988047052018447446997129191
     0.4413296854329653573500991115 -0.00525483652559739951304340621618   -0.979764499110750142207848512044   -0.610379813210133348455599389126   -0.159631926273362451107473702905    0.193905569750398576456262844658
  -0.327140972779880467857793746589    0.466781299958550277562352448513    0.349291406890374134253107740733    -0.27718624394765750684754834765    0.800712892799899322859857875301    0.134734377744621575123673551388
   0.168038736491413071005851520567   -0.572215629456815255693413746485   0.0996114466610842491656185870852    0.790308755514720129298211759306   -0.276943990589513633349127985639     0.37886387341374344606137469782
    0.33472622334602603055841996138 -0.00240022051422465396153249628242   -0.199276511726817567859981750189    0.227215212155956830519798472778    0.632187961427198907848890030436     0.96331709597417147783460222854
8
6     5
  -0.962514693242054852895250860456     0.44500775801073921833506119583    0.330576952615619035213967435993    0.166685517894391344029259016679     0.33178415258656490660627014222
   0.862594407290855791359263093909   0.0123368094619554797414240354669    0.466009928231296055578525283636    0.577171400425752656460076650546 -0.00503319971876028688512194619875
   0.251124649302721825172568514972    0.977977664194846330047994342749    0.356745967191508639437813599216   -0.100643481532206549577956877783    0.190361827407808381629195082496
  -0.326577384749100974037361311275   -0.604354136403046804382199752581    0.274437950802654484494524922411    0.803505668389683069818829608266    0.236583797857948197052024852383
   0.172340392245982215735367049092   -0.156763696155943627053019895357    -0.78426616681822569621118645955   -0.278281798818226067115944033503    0.645590655466918295068978750351
  -0.195137111971293852885622754911   -0.204986827406473420820631758943    0.130332163178819154802923208081   -0.361999722582914906787721065484   -0.961197493729433305453824232245
9
5     2
 0.627052586916741816480680427048  0.474273649899144944530604561805
-0.796700873688515498471929277002 -0.146526767619414549637113509561
 0.873490921647144369366344562877 -0.333965548414335178240008872308
-0.208294122164676076547351613044  0.903965140587448812148352317308
-0.166267651126455057175590468432 -0.786308990947675257032756235276
5
6       5        7       6        8       5        9       2        5       2        5
9          9             8          8             7          7             6          6             5          5             
5
2     2
-0.800559747669729926400350450422  0.158608963177618217388342714003
 0.158608963177618189632767098374 -0.785910017413721129209136506688
6
5     5
 -0.680846320623217260425974473037  -0.312325912294711571792760196331  -0.235102232446543601973587556131   0.121307672033873742423182306993  -0.235184568357980211539270953836
 -0.312325912294711627303911427589  -0.398753799369304884336884242657   0.437393693921601323104653147311   0.111791982964852765203289663987  -0.084231516959614102790787626418
 -0.235102232446543518706860709244   0.437393693921601323104653147311  -0.201473445574311182948434861828   0.552431995506253548100517036801   -0.16389482978869873708305249238
  0.121307672033873659156455460106   0.111791982964852765203289663987   0.552431995506253548100517036801  -0.196895408373238711696728842071  -0.456654787554830188245347244447
 -0.235184568357980239294846569464 -0.0842315169596140611574242029747  -0.163894829788698764838628108009  -0.456654787554830021711893550673  -0.387952971152371817176174317865
7
6     6
-0.000926730301255279794933605863605     0.609495400134077103260210606095    -0.361336582591919808216118781274   -0.0020808583102478062781814927007  -0.00162379385435510326801678004927     0.273625222270437007399124240692
    0.609495400134076992237908143579  -0.00222712200185056982681963688719  -0.00276711937580419739882153784549    -0.327961239742057486523663101252      0.40912210349259353625583912617  -0.00315719775207805178687814340321
   -0.361336582591919697193816318759  -0.00276711937580424553739799620189   0.00187245590862991986846886049989     0.502908798944506241213048269856     0.125421775318845962754465972466  0.000676630426691984809828284141986
 -0.00208085831024775163439199943127    -0.327961239742057431012511869994     0.502908798944506241213048269856  -0.00522586254470658664872395604561  -0.00370351413920143313074362367843     0.190707190142170024405032791037
  -0.0016237938543550867881437582696      0.40912210349259353625583912617     0.125421775318845907243314741208  -0.00370351413920143313074362367843   0.00290307761236168609952912333938     0.519995170505332282573363045231
    0.273625222270436896376821778176  -0.00315719775207804614902684647859  0.000676630426692068076555131028726     0.190707190142169968893881559779     0.519995170505332393595665507746   0.00319647680142796930535808996865
8
5     5
 0.678422490485678930660640162387  0.310011739397212104929479892235 -0.232968582163835286058528595277 -0.125236818409574846011622639708  0.239369104702118334904170637856
 0.310011739397211993907177429719  0.401126268606684932560568768167  0.442970053897675908327613569782 -0.110352162086466559776098961265 0.0839083063218308972119885424945
-0.232968582163835341569679826534  0.442970053897675852816462338524  0.187149696417130056991240394382  0.556983069219226245571974232007 -0.164354443916380654755471368844
-0.125236818409574762744895792821 -0.110352162086466601409462384709  0.556983069219226245571974232007   0.20408298895967291741726512555   0.44641254702621535610518321846
 0.239369104702118251637443790969 0.0839083063218308833342007346801 -0.164354443916380738022198215731  0.446412547026215300594031987202  0.392660229552668216257416133885
9
2     2
0.798455241070739396569422297034 0.160600006432475433948425802555
0.160600006432475322926123340039 0.785215005699183121734563428618
