8
5
7       5        6       2        9       5        10       2        8       6        5
10          10             9          9             8          8             7          7             6          6             
6
2     2
  -8.36627301080582697068166453391  -0.022898056292541463241363430825
-0.0228980562925418795749976652587   -7.88098431519830988634112145519
7
5     5
   -9.81711688913350144503056071699  -0.0024777804433241783221841814111  -0.0546551230606093299546621722129   0.0210300752997938308896941350667  0.00139956491940665395112830537983
-0.00247778044332398056370792005509     -8.3634760451995582286599528743 -0.00131173280382800017118682944783  0.00113379084152880060809565065938    -0.02503084691808832307202692391
 -0.0546551230606096768993573675743  -0.0013117328038276254709160184575    -8.16444216282893364677875069901  -0.0389963032591325170495011320781 0.000479475065671586264670622767881
  0.0210300752997946219235991804908  0.00113379084152831488552237715339  -0.0389963032591329750164987899552    -8.12723006919230073208382236771 -0.00127618250724192972000992085668
 0.00139956491940514127225725360404  -0.0250308469180883785831781551678 0.000479475065671058908733925818524  -0.0012761825072423738092197709193    -7.88037875932671294521014715428
8
6     6
    -10.0037626886887967003758603823  -0.00561668125165553332178713930034  0.000330565206809191086852195429202  -0.00186802064152508801031515872637  0.000950102644789210283582381322276  6.47472467198064588478345626754e-07
 -0.00561668125165611532151332951912     -9.81666064188406473078885028372  -0.00312344741518176885475277515525   -0.0541875843591326303294586352877   -0.0186801588237074725484809789577 -0.000345353157242517250224977942707
 0.000330565206809184256378508770524  -0.00312344741518128660162645360288     -8.36215082393873565536068781512 -0.000782435652743912468665143933322 -0.000573173668768356403546704314067     0.027193274902049480168386708101
 -0.00186802064152525302588581102015   -0.0541875843591328315573818485973 -0.000782435652743912468665143933322     -8.15939842406579352029893925646    0.0396910149463111094902956210717  0.000696799957430549454784340923652
 0.000950102644789142195685949232598   -0.0186801588237057447638989060579 -0.000573173668768411914697935571894    0.0396910149463111650014468523295     -8.13031295002146592310054984409  -0.00345622398131795183218173406203
 6.47472467234060100604864373963e-07 -0.000345353157242739294829902974016    0.0271932749020504238579576394841  0.000696799957430327410179415892344  -0.00345622398131745223182065274159     -7.88045072257156231643193677883
9
5     5
    -9.81705340946854754236028384184  -0.00285408671289037740859129144155    -0.054294459968124361703978308924   -0.0176472629811729730953118178149  0.000790402089822936360086202967068
 -0.00285408671288980841929117104883     -8.36250740750010024271432484966 -0.000153371261283230531091703596758  5.61776482242704044978154342971e-05    0.0291651990955947293393535346695
  -0.0542944599681250139600052762034 -0.000153371261281926019037769037823     -8.16368016209633751145702262875    0.0408426287278856881002297996019   0.00187459497428477117608736080001
  -0.0176472629811725290061019677523  5.61776482237152929855028560269e-05    0.0408426287278855770779273370863      -8.1253991658293340805130355875   -0.0048992844129003287889645434916
 0.000790402089822117570605541914119    0.0291651990955958118068025441971   0.00187459497428416055342381696391   -0.0048992844129003287889645434916     -7.88121386466886253430175202084
10
2     2
 -8.36434996058192048451473965542 0.0313691153232459885025207313447
0.0313691153232467101474867376965  -7.88249758526363741850673250156
5
7       5        8       6        9       5        10       2        6       2        5
10          10             9          9             8          8             7          7             6          6             
6
2     2
     1.00000000000000088817841970013 -1.14491749414469268231187015772e-16
 7.28583859910258979653008282185e-17      1.00000000000000155431223447522
7
5     5
     1.00000000000000088817841970013 -1.06208444816680014355370076373e-15 -2.28549817959944334688771050423e-16  3.13984949151802084088558331132e-16 -3.03576608295941241522086784244e-16
-1.05384451165591030985524412245e-15      1.00000000000000133226762955019 -1.92554305833425587479723617435e-16 -4.16333634234433702658861875534e-17 -1.17961196366422882420010864735e-16
-2.71917904859364512049069162458e-16 -1.26634813746306917892070487142e-16      1.00000000000000133226762955019 -1.89084858881471973290899768472e-16  2.84494650060196363483555614948e-16
 3.82506526452885964317829348147e-16  6.07153216591882483044173568487e-17 -6.76542155630954766820650547743e-17      1.00000000000000155431223447522 -2.77555756156289135105907917023e-16
-3.46944695195361418882384896278e-16 -2.22044604925031308084726333618e-16  2.77555756156289135105907917023e-16 -3.05311331771918048616498708725e-16      1.00000000000000111022302462516
8
6     6
     1.00000000000000199840144432528  2.32646069292866131128505458037e-16  7.98474242454105809230213708361e-16 -6.82911843394307105370444332948e-16  2.47902826738810588835804082919e-16 -6.14200530713038261865222011693e-16
 2.00387666529633357015427463921e-16      1.00000000000000266453525910038 -4.83120488059540775793720968068e-16  5.67254576644415919872699305415e-16  4.94396190653390021907398477197e-17 -2.48065457064683414500905200839e-16
 9.10811140050760137398810911691e-16 -5.08273978461204478662693873048e-16      1.00000000000000133226762955019  6.24500451351650553988292813301e-17 -2.70616862252381906728260219097e-16   7.9797279894933126342948526144e-16
-6.69494841509798987999602104537e-16   4.8658993501149438998254481703e-16  9.36750677027475830982439219952e-17      1.00000000000000222044604925031  3.88578058618804789148271083832e-16  2.08166817117216851329430937767e-17
 3.24799865822344990817782672821e-16 -4.42354486374085809075040742755e-17 -3.40005801291454190504737198353e-16   4.8572257327350598643533885479e-16      1.00000000000000266453525910038   3.6082248300317587563768029213e-16
  -6.980093586461677546139981132e-16 -1.92554305833425587479723617435e-16  7.70217223333702349918894469738e-16  5.55111512312578270211815834045e-17   3.6082248300317587563768029213e-16      1.00000000000000222044604925031
9
5     5
     1.00000000000000155431223447522 -1.13624387676480864683981053531e-16 -1.56125112837912638497073203325e-16  1.83880688453541552007663995028e-16 -3.71230823859036718204151839018e-16
-1.39645239816132971100159920752e-16      1.00000000000000177635683940025  1.56125112837912638497073203325e-16   2.7408630920433552091708406806e-16  2.77555756156289135105907917023e-17
-1.38777878078144567552953958511e-16  2.28983498828938536462374031544e-16      1.00000000000000111022302462516  6.93889390390722837764769792557e-17   2.4980018054066022159531712532e-16
 2.15105711021124079707078635693e-16  2.35922392732845764840021729469e-16  1.52655665885959024308249354362e-16      1.00000000000000155431223447522  9.02056207507939689094200730324e-16
-3.57353036051222261448856443167e-16  2.08166817117216851329430937767e-17  2.22044604925031308084726333618e-16  8.46545056276681862073019146919e-16      1.00000000000000133226762955019
10
2     2
    1.00000000000000088817841970013 4.71844785465691529680043458939e-16
1.52655665885959024308249354362e-16     1.00000000000000199840144432528
5
7       5        8       6        9       5        10       2        6       2        4
9          10             8          9             7          8             6          7             
6
5     2
 0.677008807441259685688805802783  0.542771012547899056599476352858
-0.827000313753806559624592864566 -0.118743945129629796531034457985
  0.79804567929511982526946667349 -0.409518948477239352889966994553
-0.239963755217116270213040252202  0.815882215945311295435260490194
-0.151429100823643997264511540379 -0.804864175785162228038416287745
7
6     5
 -0.989402543603247530690225630678 0.00761241502087397180209560332287  -0.338261155711299554837978575961  -0.510020625092755919283149523835 0.00757365707512890670022320804833
  0.832192329975046440893038379727  -0.475966528694909685182068415088  -0.300737106339147075573237088975  -0.168386107039193794188136621415  -0.385966876678208614670495535393
  0.272758371137742317014129866948    1.00065072065287608005235142627   0.336519616746889738134740355235  -0.129904241260066194429967367796   0.158084684177045797781602232135
 -0.277059319614983201596203343797  -0.553226461824218196383640133718   0.251800821652630624214452836895   0.807151489906326680134895923402   0.296448569894990798800904485688
  0.166569151062859882594935356792  -0.179430821462412626310367613769  -0.801888513270270553157104131969  -0.451627474509670112645665085438   0.587571540829321059540291116718
 -0.220095638657194003773298618398  -0.186603392143538410197223242903   0.136537648551820350872887388505  -0.316704723128348242244811672208  -0.996658871373274246607820714416
8
5     6
   0.927928174669935046381397114601    0.899804619763430402201720426092   -0.270648680877831282476364549439   -0.282985792815988401738280799691    0.155486136667281810153085075399    0.226069814163846194432494485227
 -0.0253374866085348364463936121638    0.472805392343138786159784103802    0.997026997586237473392145602702    0.567230471695314375502050552313    0.203688352277116513366905792282   -0.163150302494885129922508326672
   0.364432627923148066972913738937   -0.269447245277459612733395033501   -0.324286084802960283823836107331    0.265328633734785324094218594837   -0.804352458380059309739351647295   -0.172058801183662068989832505395
  -0.514882385379750062703863022762    0.143975837989606253453089834693   -0.116494016923516546802019888673   -0.812123692477427994163008406758     0.43361024883957838271797413654   -0.345906711706756686552921564726
0.000389023465285397726867722134614   -0.384317064799107155348423248142   -0.179446888311113689207232368972    0.252375643525476034412236003845    0.553308026592601254201042593195     1.01225518395956481931818871089
9
2     5
 0.663292787414265894163634129654   0.81650421876153145284149559302  0.811882993590703039288314357691  0.273848047454419873947273345038 -0.130275831801568708900873616585
-0.552827303688988136443072107795 -0.134660228482110011505312741065  0.376588496407514738972821533025  0.783641088266051166755232770811  0.844398495770297130569304044911
5
7       5        8       6        9       5        10       2        6       2        4
10          9             9          8             8          7             7          6             
7
2     5
 0.677008807441259685688805802783  -0.82700031375380644860229040205   0.79804567929511982526946667349 -0.239963755217116464502069561604 -0.151429100823643747464330999719
 0.542771012547899056599476352858 -0.118743945129629768775458842356 -0.409518948477239241867664532037  0.815882215945311184412958027679 -0.804864175785162228038416287745
8
5     6
 -0.989402543603247641712528093194   0.832192329975046551915340842243   0.272758371137742150480676173174  -0.277059319614983146085052112539   0.166569151062859910350510972421   -0.22009563865719394826214738714
0.00761241502087409583482413566458  -0.475966528694909796204370877604    1.00065072065287585800774650124  -0.553226461824218307405942596233  -0.179430821462412543043640766882  -0.186603392143538326930496396017
 -0.338261155711299610349129807219  -0.300737106339147131084388320232   0.336519616746889904668194049009   0.251800821652630568703301605638  -0.801888513270270553157104131969   0.136537648551820350872887388505
 -0.510020625092756141327754448866  -0.168386107039193683165834158899  -0.129904241260066166674391752167   0.807151489906326902179500848433  -0.451627474509670168156816316696  -0.316704723128348297755962903466
0.00757365707512890843494668402514  -0.385966876678208725692797997908   0.158084684177045825537177847764   0.296448569894990798800904485688   0.587571540829321059540291116718  -0.996658871373274246607820714416
9
6     5
   0.927928174669935046381397114601  -0.0253374866085347774657954289523    0.364432627923148122484064970195   -0.514882385379750062703863022762 0.000389023465285296679225246485601
   0.899804619763430402201720426092    0.472805392343138897182086566318   -0.269447245277459890289151189791    0.143975837989606142430787372177   -0.384317064799107099837272016885
  -0.270648680877831226965213318181    0.997026997586237695436750527733   -0.324286084802960394846138569847   -0.116494016923516574557595504302    -0.17944688831111374471838360023
  -0.282985792815988568271734493464    0.567230471695314264479748089798    0.265328633734785379605369826095   -0.812123692477427994163008406758    0.252375643525475978901084772588
   0.155486136667281726886358228512    0.203688352277116430100178945395   -0.804352458380059198717049184779    0.433610248839578327206822905282    0.553308026592601254201042593195
   0.226069814163846277699221332114   -0.163150302494885157678083942301   -0.172058801183662068989832505395   -0.345906711706756908597526489757     1.01225518395956437522897886083
10
5     2
 0.663292787414265783141331667139 -0.552827303688988247465374570311
  0.81650421876153145284149559302 -0.134660228482109844971859047291
 0.811882993590703039288314357691  0.376588496407514849995123995541
 0.273848047454419984969575807554  0.783641088266051166755232770811
-0.130275831801568958701054157245  0.844398495770297241591606507427
5
7       5        8       6        9       5        10       2        6       2        5
10          10             9          9             8          8             7          7             6          6             
6
2     2
-0.818675172612741475219877429481 -0.140063629296350994346553875403
-0.140063629296351105368856337918 -0.817272129981156170153155926528
7
5     5
 -0.610367634831344596513247324765  -0.336207927592703625929715371967   0.195740241855105356894029000614   0.124105818996507272222729056921  -0.272437606889560146594675416054
 -0.336207927592703625929715371967  -0.400134372089144263462401340803  -0.413678475828606173614332419675   0.135745525126540395044472120389 -0.0738811295317905458723828360235
  0.195740241855105412405180231872  -0.413678475828606229125483650932   -0.17977151380912459455174712275  -0.566424163389537937973727821372   0.189291407106820519512524469974
  0.124105818996507230589365633477   0.135745525126540339533320889132  -0.566424163389537826951425358857  -0.312738451215106350034034221608  -0.393532150902517807722347242816
 -0.272437606889560146594675416054 -0.0738811295317905458723828360235   0.189291407106820519512524469974  -0.393532150902517585677742317785  -0.423217821238587643684070371819
8
6     6
   0.0489788015810460122811953453947    -0.675615056823153592446828952234    0.0132887620557972721546668992687    -0.246287649550185616664776944162     0.365205668687261231220020363253  -0.00357175378913187832607967209242
   -0.675615056823153703469131414749   -0.0457973064646668287513975315051     -0.38716259714462070151697048459   -0.0116124535343109114987614205461   0.00550685044314939194792790644328     0.316950804132519248224042485162
   0.0132887620557972669504964713383    -0.387162597144620646005819253332   0.00485485209725237086553217835672    -0.466961928908512624580851024803    -0.151820363987202222588734912279 -0.000979165675688946357535513698167
   -0.246287649550185616664776944162   -0.0116124535343108820084623289404     -0.46696192890851268009200225606  -0.00299192547765474853305178726259   0.00651398559752897066132959480456    -0.228118685315784719414011760819
    0.365205668687261175708869131995   0.00550685044314937460069314667521    -0.151820363987202278099886143536    0.0065139855975289567835417869901    0.0197833167984634503144825146137    -0.460063441573921649840883674187
 -0.00357175378913196072544478099076     0.316950804132519192712891253905 -0.000979165675688946357535513698167    -0.228118685315784663902860529561    -0.460063441573921649840883674187   -0.0222725287683328554422246270406
9
5     5
  0.614193219333237672152847608231  -0.331382233066075670979699907548  -0.201531376603782841350209764641   0.109242907208773110117050464396   0.278834219397742388846239691702
 -0.331382233066075670979699907548   0.407291902948629269687330634042  -0.409827189341998465721417232999  -0.135293929737057172513203795461 -0.0748606516934919169470319388893
 -0.201531376603782813594634149013  -0.409827189341998465721417232999   0.190864312940611485780451062055  -0.558762847533766926488851822796  -0.203480468490302324191532079567
  0.109242907208773110117050464396  -0.135293929737057283535506257977  -0.558762847533766926488851822796   0.329018609841808362670434462416  -0.402259481758134973539142720256
  0.278834219397742388846239691702 -0.0748606516934919308248197467037  -0.203480468490302268680380848309  -0.402259481758135029050293951514   0.390963420028886676771406882835
10
2     2
 0.814893327119779797840237733908 -0.138085991299543742183431049853
-0.138085991299544019739187206142  0.824476223789718964951589441625
5
7       5        8       6        9       5        10       2        6       2        4
9          10             8          9             7          8             6          7             
6
5     2
-0.665030125596908772145354760141  0.535164845700758950997055762855
-0.818570653148744997729124861507   0.13545144860413410592414606981
-0.740352746922856352895792042546 -0.288148113221217583301836384635
-0.341911681070514006375304916219 -0.813778390123800710043155959283
 0.138858622551545268786199471833  -0.81223593740677513252990138426
7
6     5
  0.925548905313400838146264959505 -0.0270533671013290615003921146808   0.425785863277347575994724593329   -0.44577530975124313172841539199 0.00468988165991428892359627056408
   0.90021811601395562707494946153   0.474380087561634966597523543896   -0.27851344012101153513327744804   0.113970454148971722663219452443  -0.372325191479305817043865545202
 -0.271187893187928963367738788293   0.998123028780659948822062688123  -0.298904266620291014788790562307  -0.149507076358291468576311444849  -0.178899116572368344080246060912
 -0.293764997025010909936781899887   0.507973386140997740234581669938   0.502844253610052915881567514589  -0.809024060517563148309250209422   0.190937963773573027292940196276
 -0.126382909983041413770621375079  -0.258688742077713695888263600864   0.787737860689259439261888928741  -0.231117297741097710295221645538   -0.56926514553293128262367872594
 -0.220161491708498524566550713644   0.169874929123183721069167972928   0.131930525248839969343350730924   0.341590098354205840003317007358   -0.98775700492226492510638991007
8
5     6
 -0.986842302253668202105529871915   0.832945832999276714048164649284   0.274043927213518001551051384013  -0.290593491799227610083988793122  -0.134651878677372383030785840674   0.211737667406497659383646237075
 0.0105595767300755635775821872357  -0.476592816501047233934684754786     1.0007694882817717019207748308    -0.5046257259966550057228573678   0.240170312646926259469992714912   0.186359319546778479104176540204
 -0.400350114407644619429760268758  -0.309928317727844349072086060914   0.301114395461789641217364987824   0.489225857988572654377890103206   0.794958842909363361250996149465  -0.101926862381278293678832369551
 -0.443303483220635397010767064785  -0.136841545659591778960617602934  -0.158918479674825058323150983597   0.802085020078696087075798004662    0.24970001619086912292289071047   0.316315129327668809189333387621
0.00203510121599054238927806181891   -0.37597467840512877046421635896   0.164884914450209252301249307493   0.225466954824184773187312202936  -0.602055254696875596920335738105   0.972879042467108989811208630272
9
2     5
-0.677740164874249595428068460023  0.826713753507687609811682705185 -0.730872313945303164750555424689  0.313128420434251264481417820207  0.154806783037336526120952839847
-0.524745423246097519864861169481  0.125929258509538233301583431967  0.312335219338101988117983864868 -0.847183800934460773390810572891  0.774259227909108727061493482324
5
7       5        8       6        9       5        10       2        6       2        4
10          9             9          8             8          7             7          6             
7
2     5
-0.665030125596908661123052297626 -0.818570653148745108751427324023 -0.740352746922856352895792042546 -0.341911681070513839841851222445   0.13885862255154535205292631872
 0.535164845700759173041660687886  0.135451448604134216946448532326 -0.288148113221217583301836384635 -0.813778390123800487998551034252 -0.812235937406774910485296459228
8
5     6
  0.925548905313400727123962496989   0.900218116013955516052646999015  -0.271187893187928852345436325777  -0.293764997025010909936781899887  -0.126382909983041469281772606337  -0.220161491708498469055399482386
-0.0270533671013291343587781057067   0.474380087561634855575221081381   0.998123028780660059844365150639   0.507973386140997740234581669938  -0.258688742077713640377112369606   0.169874929123183582291289894783
  0.425785863277347464972422130813   -0.27851344012101153513327744804  -0.298904266620291014788790562307    0.50284425361005313792617243962   0.787737860689259661306493853772   0.131930525248840108121228809068
  -0.44577530975124313172841539199   0.113970454148971625518704797742  -0.149507076358291468576311444849  -0.809024060517562926264645284391  -0.231117297741097599272919183022   0.341590098354205895514468238616
0.00468988165991442162994218278982  -0.372325191479305650510411851428  -0.178899116572368455102548523428   0.190937963773573249337545121307  -0.569265145532931171601376263425  -0.987757004922265036128692372586
9
6     5
 -0.986842302253668424150134796946  0.0105595767300756277623507983776  -0.400350114407644619429760268758  -0.443303483220635508033069527301 0.00203510121599048731180769955529
  0.832945832999277047115072036831  -0.476592816501047178423533523528   -0.30992831772784446009438852343  -0.136841545659591723449466371676   -0.37597467840512877046421635896
  0.274043927213517890528748921497     1.0007694882817717019207748308   0.301114395461789696728516219082  -0.158918479674824947300848521081   0.164884914450209196790098076235
 -0.290593491799227499061686330606    -0.5046257259966550057228573678   0.489225857988572765400192565721   0.802085020078695865031193079631   0.225466954824184828698463434193
 -0.134651878677372466297512687561   0.240170312646926287225568330541   0.794958842909363361250996149465    0.24970001619086912292289071047  -0.602055254696875374875730813073
  0.211737667406497742650373083961   0.186359319546778506859752155833  -0.101926862381278168778742099221   0.316315129327668864700484618879   0.972879042467108878788906167756
10
5     2
-0.677740164874249595428068460023 -0.524745423246097297820256244449
 0.826713753507687609811682705185  0.125929258509538094523705353822
-0.730872313945303497817462812236  0.312335219338102099140286327383
 0.313128420434251264481417820207 -0.847183800934460662368508110376
 0.154806783037336664898830917991   0.77425922790910883808379594484
5
7       5        8       6        9       5        10       2        6       2        5
10          10             9          9             8          8             7          7             6          6             
6
2     2
-0.814947247879021952066125322744  0.141560996602906413732725354748
 0.141560996602906330465998507862 -0.801699411706117026632512079232
7
5     5
 -0.614371517796866273286582327273   0.332069753558825453421121665087   0.207862938771377209201673963435 -0.0946806211409504383524904369551  -0.269486887559922394519418276104
  0.332069753558825508932272896345  -0.405536444064131251785454423953    0.37687204556072756433948711674   0.173769999942247566071529263354  0.0752908851457547712016094010323
  0.207862938771377153690522732177   0.376872045560727508828335885482   -0.34704696860501771382701008406   0.557427101310877026740797646198   0.151467140410806944128552231632
-0.0946806211409504522302782447696   0.173769999942247566071529263354   0.557427101310876804696192721167  -0.184134465523424495358995045535    0.41079847082393511348286097018
 -0.269486887559922283497115813589  0.0752908851457548683461240557335   0.151467140410806944128552231632   0.410798470823935057971709738922   -0.38919221492244676641192313582
8
6     6
 -0.0484646764803727120307641484942    0.674060325017763473098852955445  -0.0152530882747450406700107095048    0.295245681895785871962090141096    0.312982758241620029338037056732 -0.00289509664906294249611673485845
   0.674060325017763140031945567898   0.0460059452899741899711827386454    0.388188536771581937934172401583   0.0112593423737924504257623681269  0.00510406337297193007929152486213    0.306331079533398498160323697448
 -0.0152530882747450528130750413425    0.388188536771581882423021170325 -0.00276561369422099849468832388766    0.423408268738257320684681417333   -0.200301128348048862459762631261 -0.00170394062876660749850099563218
   0.295245681895785816450938909838   0.0112593423737924122618458966372    0.423408268738257376195832648591  0.00540588184364351742594578809076  0.00359265061068153590539964170603   -0.168208803025014980159212996114
   0.312982758241619862804583362959  0.00510406337297190579316286118683   -0.200301128348048723681884553116  0.00359265061068153243595268975241  -0.0218538397230108559499139886384    0.476059657123085566698961201837
-0.00289509664906296287911757758593    0.306331079533398498160323697448 -0.00170394062876658147764885598008   -0.168208803025014980159212996114    0.476059657123085677721263664353   0.0210354996042022707181118335029
9
5     5
 0.611399994548105119029912657425  0.337113684568449312184412747229 -0.204515069121036285881842786694 -0.107113505808843587074896674949  0.261523794736639336733219352027
 0.337113684568449145650959053455  0.401685334049612208229262932946   0.37571311179067012897547783723   -0.1731488935042366228422849872 0.0729520983182296023361601555735
-0.204515069121036258126267171065  0.375713111790670073464326605972  0.339712854872962932706315086762  0.565279444501414651824688917259 -0.138580801997460173469178812411
-0.107113505808843642586047906207 -0.173148893504236567331133755943  0.565279444501414651824688917259  0.164614603645681478738538316975  0.403604728364573117627145393271
 0.261523794736639392244370583285 0.0729520983182296578473113868313 -0.138580801997460312247056890556  0.403604728364573062115994162014  0.419797443570428030490404580632
10
2     2
 0.81953375667474681609547815242 0.142855855617194438256234434448
0.142855855617194493767385665706 0.794839341110214259167321415589
