9
5
8       5        9       6        10       5        11       2        7       2        5
11          11             10          10             9          9             8          8             7          7             
7
2     2
  -9.7173079183563046967719856184 0.0437040679660147812768400399364
0.0437040679660142261653277273581  -9.31923720214990147781009000028
8
5     5
    -11.3028375448614628595578324166   0.00189247194598222978623169865386    0.0139649233818869844547805314505    0.0295599476666199845187321670892 -0.000119767794723474318985267927928
  0.00189247194598224366401950646832     -9.71419218745549351012869010447  -0.00016766898573414290574135065981  -0.00321318731522229894537190375559    -0.044647887460628976619148033933
   0.0139649233818881779445320034938 -0.000167668985735502928946516476572     -9.64959612712975456361164106056    0.0167390338842443586742092520581   0.00252105608375685630306861639838
    0.029559947666619401651644238882  -0.00321318731522235445652313501341    0.0167390338842438035626969394798     -9.45808119985618489522494201083  -0.00188435141458531685287880463875
-0.000119767794723280029955958525534   -0.0446478874606294484639334996245   0.00252105608375741141458092897665   -0.0018843514145854278751812671544     -9.31844536641323983872098324355
9
6     6
    -11.3042765622565610783567535691  -0.00026138970288486077560990983315  -0.00290883930017554748204133829859    0.0143824914336967285555246576223    0.0293954878561720617247132736338 -0.000321163887187198016093248043035
-0.000261389702885911801195917281149     -11.1314282922322824731509172125  0.000162544250082722035316562525509  -0.00320681619972966111542511669086  -0.00025724789936545445004356658103   0.00132368348871330721375216832314
 -0.00290883930017572789328283988652  0.000162544250082417808186963092965     -9.71329734516392306886700680479  0.000149621684936096510654124358553   0.00227479773698330278719481611915     0.044929956541307991546574385211
   0.0143824914336956183325000324658   -0.0032068161997295735118895798621  0.000149621684936401821985896276601      -9.6422589167071439675282817916    0.0179946503297379600816441325151   0.00262916414731562131379405400367
   0.0293954878561717564133815017158 -0.000257247899365320876335916366884   0.00227479773698366360967781929503     0.017994650329737349458980588679     -9.45741854333746800875815097243  -0.00133242554442647431756086007226
-0.000321163887187392305122557445429   0.00132368348871192073601399386007    0.0449299565413073809239108413749   0.00262916414731606540300390406628  -0.00133242554442647431756086007226     -9.31868201572472187876883253921
10
5     5
    -11.3048121722370655817258011666   0.00314902825061595670330660823311   -0.0139034693377098513000778012838    0.0263172988183284529972727483482 -0.000399698323068048422257447782613
  0.00314902825061494362479663777776     -9.71463445582804041578128817491   2.3044613059880481031882482057e-06 -0.000765980155586210020857151903328   -0.0443225501190597781508984098764
  -0.0139034693377101600808565251555  2.30446130621009270811327951378e-06     -9.64825039247606142112090310548   -0.0168040873097158038884657571543  -0.00217673322592326634605797153199
   0.0263172988183289699448685894367 -0.000765980155584961019954448602221   -0.0168040873097138332425970475015     -9.45622475154996422475051076617 -0.000555147584075654787483244945179
-0.000399698323066896565869399182702   -0.0443225501190585569055713222042  -0.00217673322592321083490674027416 -0.000555147584075543765180782429525     -9.31986704308733848733936611097
11
2     2
  -9.71833782939618728846653539222 -0.0425954755552191421941188309574
-0.0425954755552182817712747464611    -9.3220804337979750187059835298
5
8       5        9       6        10       5        11       2        7       2        5
11          11             10          10             9          9             8          8             7          7             
7
2     2
   1.00000000000000088817841970013 2.4980018054066022159531712532e-16
3.6082248300317587563768029213e-16    1.00000000000000222044604925031
8
5     5
     1.00000000000000266453525910038  -6.9735883734267645195359364152e-16  3.74700270810990332392975687981e-16 -1.35308431126190953364130109549e-16 -5.30825383648902970890048891306e-16
-8.51749226704612283356254920363e-16      1.00000000000000266453525910038  2.56739074444567449972964823246e-16 -1.73472347597680709441192448139e-16  3.81639164714897560770623385906e-17
 4.97865637605343636096222326159e-16  2.28983498828938536462374031544e-16      1.00000000000000155431223447522  -3.6082248300317587563768029213e-16   2.4980018054066022159531712532e-16
-1.07552855510562039853539317846e-16 -2.08166817117216851329430937767e-16 -2.35922392732845764840021729469e-16      1.00000000000000266453525910038  4.16333634234433702658861875534e-17
 -5.8633653488016079791123047471e-16 -5.20417042793042128323577344418e-17  3.26128013483639733749441802502e-16  6.93889390390722837764769792557e-17      1.00000000000000222044604925031
9
6     6
     1.00000000000000199840144432528 -1.08874226908278748382485900947e-16 -1.45716771982051795930601656437e-16  4.25874613352306141678127460182e-16 -8.15320033709099334373604506254e-17  -3.6082248300317587563768029213e-16
-1.09687378537642876707991490548e-16      1.00000000000000266453525910038  2.95824562762669884818933496717e-16 -2.70616862252381906728260219097e-16 -3.06612374378900653937307652086e-16 -5.33481678971492456753367150668e-16
-1.76074432811645920082810334861e-16  3.63180622728331847781646501971e-16      1.00000000000000288657986402541  1.56125112837912638497073203325e-16   3.3653635433950057631591334939e-16  -4.2327252813834093103650957346e-16
 3.79037079500932350129005499184e-16 -2.19063048950696170891205838416e-16  1.52655665885959024308249354362e-16      1.00000000000000333066907387547 -4.78783679369598758057691156864e-16 -2.63677968348474678350612521172e-16
 1.04083408558608425664715468884e-17 -3.90909093289648623681387107354e-16  3.08780778723871662805322557688e-16 -4.30211422042248159414157271385e-16      1.00000000000000111022302462516   2.4980018054066022159531712532e-16
-4.21537804662364123942097648978e-16 -4.97431956736349434322619345039e-16 -4.71844785465691529680043458939e-16 -2.56739074444567449972964823246e-16  2.77555756156289135105907917023e-16      1.00000000000000155431223447522
10
5     5
     1.00000000000000199840144432528  5.52509427098613059570197947323e-16  3.25477492180148431089037330821e-16 -2.05564731903251640687813051045e-16 -1.04083408558608425664715468884e-16
 5.90673343570102815647260285914e-16      1.00000000000000244249065417534  5.39499001028787006362108513713e-16 -1.52655665885959024308249354362e-16  1.11022302462515654042363166809e-16
 5.05455052812742167134274495766e-16  6.05418493115905675949761644006e-16      1.00000000000000266453525910038    9.228728892196613742271438241e-16  1.31838984174237339175306260586e-16
-3.12683906544819478767749387771e-16 -9.36750677027475830982439219952e-17  9.08995101411846917471848428249e-16      1.00000000000000333066907387547  1.66533453693773481063544750214e-16
-1.20563281580388093061628751457e-16  1.04083408558608425664715468884e-16  1.80411241501587937818840146065e-16  2.77555756156289135105907917023e-16      1.00000000000000222044604925031
11
2     2
    1.00000000000000133226762955019 1.70002900645727095252368599176e-16
1.07552855510562039853539317846e-16     1.00000000000000044408920985006
5
8       5        9       6        10       5        11       2        7       2        4
10          11             9          10             8          9             7          8             
7
5     2
 -0.60550266338636971052977742147 -0.507748061873017242362493561814
 -0.80709069865836291501892674205 -0.139866910051989951080386731519
-0.851846087715546484986361974734  0.313427385205888864305734387017
 0.201172851540738023556897928756 -0.886641447505525981398477597395
 0.167835513337535824351931523779  0.767027773663824685712597784004
8
6     5
    0.949583094105420966180020059255     0.428382769541705399340969506738    -0.299433484037686381551424119607    -0.181662171951911616263330984111    -0.355651781584883086573256605334
   -0.876275902941343276530972161709    0.0104727916221226506621189145108    -0.462339267311356716394499244416    -0.547101029737796284990736239706 -0.000694386524442751557409381213404
    0.244905987618542930750464847733    -0.973872307093804456812335956783     0.370217607607220167142969557972     -0.11297982308146030383522173679     0.186128607978653298760107759335
   -0.289222072492933746090670865669     0.583696598320241788471207655675      0.27665176812482666912629269973     0.795564051705523134216946345987     0.226380982446612449843215131295
   -0.194810977848328792383370000607    -0.145446388506792589900840084738     0.767261211337325943482312595734     0.295314514971889652272807325062    -0.633220091219173997210134530178
    0.207684788493651517615745660805    -0.212601479872179421892752770873    -0.116526962526058014413266050724     0.340699074950404690032002008593     0.947249389971591249093307851581
9
5     6
   0.945853421520980508496734273649    0.880703418531013637604587529495   -0.246117456310155580112564166484   -0.295729983333091472896825280259   -0.187296939654121252782914552881   -0.203428684541200277546835195608
   -0.42674760412056889080645305512  0.00192005887233472755104557450068    -0.97000324521757408380295828465   -0.611926391147408432757970331295    0.173677566836045543796629431199   -0.190628155697357692943683105113
   0.288469616733310285638935965835   -0.459813261047888166554997724234    0.340714865758659390948537293298   -0.280427816593247947185574275863   -0.785994960555747801400627849944   -0.134274677718769747114535562105
  -0.194077818243152483423941134788    0.543047582564184505571347472141    0.088741404847056851168396462981    0.778919275851901682372613322514    0.294981798212683110627096993994   -0.366710718720300754558394373817
   0.358666071811741704600251523516 -0.00334054808555691445937085859441    0.211086383198868632327105387958   -0.204414811852941635805791520397    0.608891797572796988902155135293    0.952041753027082382487833456253
10
2     5
 0.601941639050559085255542868254 -0.794083781159733881338524952298 -0.864568665674924963226999352628 -0.221150631324536439681338606533  0.151191993665607454788712971094
-0.506661555223224868704789969343  0.164106260829213201901666252525 -0.294503001329913138839344810549 -0.878002051838003172434810039704 -0.780164553990318476728305085999
5
8       5        9       6        10       5        11       2        7       2        4
11          10             10          9             9          8             8          7             
8
2     5
-0.605502663386369821552079883986 -0.807090698658363026041229204566  -0.85184608771554659600866443725  0.201172851540738217845927238159  0.167835513337535657818477830006
-0.507748061873017353384796024329 -0.139866910051989867813659884632  0.313427385205888642261129461986 -0.886641447505525870376175134879  0.767027773663824685712597784004
9
5     6
    0.949583094105421299246927446802    -0.876275902941343387553274624224     0.244905987618542986261616078991    -0.289222072492933746090670865669    -0.194810977848328764627794384978     0.207684788493651489860170045176
    0.428382769541705399340969506738    0.0104727916221226680093536742788    -0.973872307093804567834638419299     0.583696598320241788471207655675    -0.145446388506792589900840084738    -0.212601479872179366381601539615
   -0.299433484037686326040272888349    -0.462339267311356660883348013158     0.370217607607220111631818326714     0.276651768124826336059385312183     0.767261211337325721437707670702    -0.116526962526057917268751396023
   -0.181662171951911699530057830998    -0.547101029737796507035341164737    -0.112979823081460359346372968048     0.795564051705523245239248808502      0.29531451497188970778395855632     0.340699074950404634520850777335
   -0.355651781584883253106710299107 -0.000694386524442758279462850623531     0.186128607978653326515683374964     0.226380982446612477598790746924    -0.633220091219174108232436992694      0.94724938997159102704870292655
10
6     5
   0.945853421520980397474431811133   -0.426747604120568335694940742542    0.288469616733310285638935965835   -0.194077818243152455668365519159    0.358666071811741871133705217289
   0.880703418531014192716099842073  0.00192005887233486936468973560466   -0.459813261047888222066148955491    0.543047582564184394549045009626 -0.00334054808555685461141093739457
  -0.246117456310155774401593475886   -0.970003245217574416869865672197    0.340714865758659446459688524556   0.0887414048470570177018501567545    0.211086383198868660082681003587
  -0.295729983333091583919127742774   -0.611926391147408432757970331295   -0.280427816593248058207876738379    0.778919275851901682372613322514   -0.204414811852941746828093982913
  -0.187296939654121336049641399768    0.173677566836045627063356278086   -0.785994960555747801400627849944    0.294981798212683110627096993994    0.608891797572796877879852672777
  -0.203428684541200333057986426866      -0.190628155697357776210409952   -0.134274677718769719358959946476   -0.366710718720300865580696836332    0.952041753027082382487833456253
11
5     2
 0.601941639050559085255542868254 -0.506661555223224646660185044311
-0.794083781159733992360827414814  0.164106260829213340679544330669
-0.864568665674924741182394427597 -0.294503001329913194350496041807
 -0.22115063132453627314788491276 -0.878002051838003394479414964735
 0.151191993665607482544288586723 -0.780164553990318365706002623483
5
8       5        9       6        10       5        11       2        7       2        5
11          11             10          10             9          9             8          8             7          7             
7
2     2
-0.793830174475852690108013121062 -0.162417771528336862818520103247
-0.162417771528337001596398181391  -0.77484963289699915200969826401
8
5     5
 -0.66784564880535302044961554202  0.302127210460995831997621507981   0.20222572904513669289627841863  0.146054187221708681176934874202 -0.253659083642767513300242399055
 0.302127210460996054042226433012 -0.384468896698676676493278137059   0.44484977039323131409176426132 -0.119309708782958864836665213716 0.0891545459025109843231859940715
 0.202225729045136776163005265516  0.444849770393231203069461798805 -0.199075145693803912116948140465 -0.543935388061220659317029912927  0.147882739135137469821401623449
 0.146054187221708542399056796057 -0.119309708782958892592240829345 -0.543935388061220437272424987896 -0.212758616343810463833463586525 -0.431405268067565239586969028096
-0.253659083642767346766788705281 0.0891545459025109288120347628137  0.147882739135137497576977239078 -0.431405268067565461631573953127 -0.394762054979773124863129396545
9
6     6
  0.00412409572067997526323424040129    -0.621097425994213470090699047432    -0.350113557841115918822794128573   -0.0047438373373254582449076721673   0.00568352624736927214410542319456    -0.291074253076241795668011036469
   -0.621097425994213581113001509948 -0.000565880727502503710554804250421  -0.00368129758351163141605333350981    -0.329433086858390844486876858355    -0.383891502126124828375708375461   0.00128324198265192344209362218521
   -0.350113557841115807800491666057  -0.00368129758351163141605333350981    0.0084416474429804978091285150299    -0.494239982095268037820545714567     0.129673169180836822533819940872  -0.00327051178045681054107340912651
 -0.00474383733732542875460858056158    -0.329433086858390788975725627097    -0.494239982095268093331696945825  -0.00250642884146839474424073301861 -0.000945690479721233989707229738997     0.174091146252234235669575923566
  0.00568352624736929989968103882347    -0.383891502126124717353405912945     0.129673169180836905800546787759 -0.000945690479721216642472469970926  4.77082614737181498476559227129e-05    -0.508208574409777846803137890674
   -0.291074253076241795668011036469   0.00128324198265193645251969201126  -0.00327051178045678105077431752079     0.174091146252234263425151539195    -0.508208574409777846803137890674  -0.00709100245820332153456888590881
10
5     5
  0.670823216734547034256763708981   0.302018942469895856905992559405   0.209548073458066919094733293605  -0.137595527160546710065958109226  -0.250736135063725107396948033056
  0.302018942469895912417143790663   0.399162732471316505922231954173  -0.430062737841067799227090517888  -0.108621109597607193308910211726 -0.0836761422689896866566883204541
  0.209548073458066891339157677976   -0.43006273784106802127169544292   0.196816727984346656610270542842  -0.543775599440793233618762769765  -0.154618404398996711623937017066
 -0.137595527160546682310382493597  -0.108621109597607040653244325767  -0.543775599440793233618762769765   0.213730158785882001781786243555  -0.444875482233406449594781406631
 -0.250736135063725162908099264314  -0.083676142268989714412263936083  -0.154618404398996767135088248324  -0.444875482233406560617083869147   0.384087138750008771914679073234
11
2     2
 0.794818549038122101890735393681 -0.160398847268791083786609874551
-0.160398847268791056031034258922   0.77750866893100889498668948363
5
8       5        9       6        10       5        11       2        7       2        4
10          11             9          10             8          9             7          8             
7
5     2
 -0.62027889219001408616094295212  0.502584580298069294457263822551
-0.800732259801547052724401964952  0.131482011453893210539689562211
 0.859963403399686576733529363992  0.295665192594689485439118925569
 0.254335461542904539555820520036  0.903199499807344485802218514436
-0.160091672825851100148142336366  0.794933552352652172956481990695
8
6     5
  0.948380507566572328315146478417   0.441815652850290896402896123618    0.31504791793910902342190638592  -0.171562726872022563995301425166   0.351453991359676309880200051339
  0.878583633519867346350906700536 -0.0181500281997898846308991949172   -0.48599265292535931415329741867   0.534043406884808780077378287388 0.00684392251521034195027581858994
  0.245597775815368207785738263738    -0.9830207602073973705003595569  -0.352639834282658271025212570748  -0.126938081592494061977660635421  -0.176283632512711258000237535271
  0.310360168671857061806207411792  -0.587880794201099066143001437013   0.346851078165320347856948046683  -0.804620147683426933937766989402   0.209476219720683809466521552167
 -0.181167754178170548051696187031  -0.190885189772172336741817844086  -0.777769700292399113195074278337   0.233979557870271193120714769975   0.644419659306041281432442247024
 -0.208247089195297746533341864961    0.20012924278494001462114226797  -0.116449085895391227230000197324  -0.361492450254368047346531511721    0.96931636082119387864963755419
9
5     6
   0.951444391200088723792305245297   -0.875596952177583265353177921497   -0.253045282013644512453254264983    0.310955440666514759673333401224   -0.176366785170916168246080246718    0.200813014872418010847709979316
  -0.433826742236209039749184057655 -0.00244375454302990643626336542127   -0.984303599489172675873760454124    0.601014210259356196353053292114    0.200053514109838959100784450129    0.183201969639294942604479388137
  -0.309888032025315229844864006736   -0.485249961791548389822281706074   -0.338343740721679553384859673315   -0.343513274400927881568890143171    0.801197858349013802836680042674   -0.118777881329507645213894306835
  -0.176093489765072053199190804662   -0.532698882786436178626843229722    0.120796611656415905922123954497    -0.78290744779923626683881821009    0.238537204226595245248887522393    0.378022552242624376717117229418
  -0.357221223986717129061929654199 -0.00573465432271596121244217059143   -0.194674221089870036482949444689   -0.203100563142236123503892031295    -0.62990921242914166278126231191    0.970246261495570361255147417978
10
2     5
 0.618136804526137284554465622932 -0.806462514639060379373347586807  0.854124643218135193301066010463 -0.268062947508823756770368618163 -0.148330912586574659162153011494
  0.49986330861973826689137467838 -0.146753262461664535365457595617 -0.283840998007961586857561542274  0.905041624353297158300790670182 -0.795723228231381418673606731318
5
8       5        9       6        10       5        11       2        7       2        4
11          10             10          9             9          8             8          7             
8
2     5
-0.620278892190013975138640489604  -0.80073225980154683067979703992   0.85996340339968635468892443896  0.254335461542904595066971751294 -0.160091672825851016881415489479
 0.502584580298069294457263822551  0.131482011453893293806416409097  0.295665192594689540950270156827  0.903199499807344485802218514436  0.794933552352652172956481990695
9
5     6
  0.948380507566572328315146478417   0.878583633519867346350906700536   0.245597775815368124519011416851   0.310360168671856895272753718018  -0.181167754178170437029393724515  -0.208247089195297663266615018074
  0.441815652850291007425198586134 -0.0181500281997897076891046452829  -0.983020760207397259478057094384  -0.587880794201099177165303899528  -0.190885189772172336741817844086   0.200129242784939931354415421083
  0.315047917939108967910755154662  -0.485992652925359258642146187412  -0.352639834282658215514061339491   0.346851078165320292345796815425  -0.777769700292399224217376740853  -0.116449085895391296618939236396
 -0.171562726872022480728574578279   0.534043406884808669055075824872  -0.126938081592494117488811866679  -0.804620147683427044960069451918   0.233979557870271359654168463749  -0.361492450254368158368833974237
  0.351453991359676420902502513854 0.00684392251521034108291408060154  -0.176283632512711480044842460302   0.209476219720683809466521552167   0.644419659306041170410139784508   0.969316360821193989671940016706
10
6     5
   0.951444391200088612770002782781   -0.433826742236209206282637751428   -0.309888032025315340867166469252   -0.176093489765072025443615189033   -0.357221223986717018039627191683
  -0.875596952177583265353177921497 -0.00244375454302995977901025170809   -0.485249961791548278799979243558   -0.532698882786436178626843229722  -0.0057346543227159785596769303595
  -0.253045282013644456942103033725   -0.984303599489172897918365379155   -0.338343740721679497873708442057    0.120796611656415892044336146682   -0.194674221089870008727373829061
    0.31095544066651487069563586374    0.601014210259356196353053292114   -0.343513274400927992591192605687    -0.78290744779923626683881821009   -0.203100563142236179015043262552
  -0.176366785170916029468202168573    0.200053514109839070123086912645    0.801197858349013691814377580158    0.238537204226595050959858212991   -0.629909212429141551758959849394
   0.200813014872418038603285594945     0.18320196963929488709332815688   -0.118777881329507686847257730278    0.378022552242624487739419691934    0.970246261495570472277449880494
11
5     2
 0.618136804526137395576768085448  0.499863308619738377913677140896
-0.806462514639060490395650049322 -0.146753262461664590876608826875
 0.854124643218135637390275860525 -0.283840998007961586857561542274
-0.268062947508823756770368618163  0.905041624353297269323093132698
-0.148330912586574631406577395865 -0.795723228231381418673606731318
5
8       5        9       6        10       5        11       2        7       2        5
11          11             10          10             9          9             8          8             7          7             
7
2     2
  -0.8031006248680976344900273034   0.15309497552744896764487236851
 0.153094975527448884378145521623 -0.790459832430619901977308927599
8
5     5
 -0.669061339368685392692270852422   0.304335671556925146941097182207  -0.223341838366730799370074578292   0.131401575008163490343449097963   0.254829410299058922717563291371
  0.304335671556925257963399644723  -0.403620943648540175807681862352  -0.438799484515777826754145962695  -0.137031075031209204073689988945 -0.0833029682873638321893849933986
 -0.223341838366730910392377040807  -0.438799484515777771242994731438  -0.235601225356309118552644576994   0.551330915429494305968205480895   0.146324530282438108885756378186
  0.131401575008163434832297866706  -0.137031075031209176318114373316   0.551330915429494305968205480895  -0.176803223954210497748107400184   0.446107785550147462050318836191
  0.254829410299058922717563291371 -0.0833029682873637905560215699552   0.146324530282438081130180762557   0.446107785550147462050318836191  -0.392561659867519174849093133162
9
6     6
-0.000735679620461592628094527057669      0.61963555841596718032349144778    -0.356416739627316625504960256876   0.00216164932447905199647264495866   0.00239491952529361212115288637392     0.291263556628670206016806787375
    0.619635558415967291345793910295   0.00407380177747255611125920538029   0.00607838483758562156400451215177    -0.341484144324749383514472356183     0.380639791706793739756164995924   0.00496249376387316535469418354865
   -0.356416739627316625504960256876   0.00607838483758566146264445961833  -0.00202209710262885207499028439315     0.494286295745187675976239916054     0.155363212732853944730848638756    0.0020097808572571221330527180271
  0.00216164932447908842566564047161    -0.341484144324749328003321124925     0.494286295745187675976239916054   0.00847612006718693328233271699901   0.00119286502215634054868687030648     0.169378030943657276186087301539
  0.00239491952529359217183291264064     0.380639791706793795267316227182     0.155363212732853916975273023127   0.00119286502215636136536858202817   -0.0072836047030942624447291677825     0.518944187318598815217285391554
    0.291263556628670261527958018632   0.00496249376387308989422297855754   0.00200978085725714294973442974879      0.16937803094365724843051168591      0.51894418731859892623958785407  -0.00022140580976652557421147093919
10
5     5
 0.671874758593453802468786761892  0.308724659995570416270993518992 -0.223463435826598416644728217761 -0.126553147639470814356243977272  0.249660241974613228421731037088
 0.308724659995570360759842287735  0.399721797434644920965496339704  0.428175051566410613812507790499 -0.137867215992757863318729505409 0.0798730094119325800816611149457
-0.223463435826598250111274523988  0.428175051566410558301356559241  0.250507972613976948039749004238  0.550232968167768565770359145972 -0.144207613140424184550170139119
-0.126553147639470842111819592901 -0.137867215992757891074305121037  0.550232968167768676792661608488  0.167458013579214110011506022602  0.456578799998796580617010931746
 0.249660241974613200666155421459  0.079873009411932649470600154018 -0.144207613140424129039018907861  0.456578799998796691639313394262  0.393303238101655794345390404487
11
2     2
 0.80494352563346938111976669461 0.151348634123932346273733173803
0.151348634123932346273733173803 0.791785646208657656330842655734
